3 0.76796875 0.61796875 0.0609375 0.1265625
3 0.80078125 0.6234375 0.08125 0.1796875
3 0.39921875 0.75234375 0.0578125 0.13125
3 0.83828125 0.6421875 0.10625 0.2125
3 0.3578125 0.76640625 0.0640625 0.1515625
3 0.31796875 0.778125 0.0703125 0.1625
3 0.45859375 0.7484375 0.0375 0.1
3 0.475 0.75078125 0.040625 0.1
3 0.25859375 0.809375 0.09375 0.2140625
3 0.04296875 0.87265625 0.0625 0.153125
3 0.190625 0.8421875 0.0546875 0.1203125
3 0.153125 0.85625 0.06875 0.1578125
3 0.88515625 0.678125 0.1421875 0.3296875
3 0.11171875 0.8640625 0.15625 0.259375
3 0.1796875 0.87578125 0.0984375 0.221875
0 0.175 0.37734375 0.35 0.5796875
0 0.8421875 0.2609375 0.3125 0.521875
0 0.765625 0.36171875 0.2078125 0.2828125
0 0.31875 0.5265625 0.3671875 0.3609375
1 0.63203125 0.515625 0.2765625 0.553125