3 0.784375 0.70078125 0.0359375 0.1234375
3 0.81484375 0.71484375 0.0484375 0.175
3 0.40625 0.73671875 0.0328125 0.1296875
3 0.84765625 0.74375 0.06875 0.20625
3 0.36328125 0.73984375 0.034375 0.15
3 0.3234375 0.73984375 0.0390625 0.1609375
3 0.4640625 0.74921875 0.01875 0.1
3 0.4796875 0.75546875 0.021875 0.0984375
3 0.26171875 0.75625 0.053125 0.2125
3 0.04296875 0.7609375 0.034375 0.1515625
3 0.18984375 0.7703125 0.0328125 0.1203125
3 0.1515625 0.775 0.0390625 0.15625
3 0.88828125 0.7921875 0.08125 0.325
3 0.10546875 0.79140625 0.1015625 0.290625
3 0.1734375 0.8 0.05625 0.21875
3 0.97421875 0.81875 0.0484375 0.203125
0 0.18984375 0.28984375 0.378125 0.5328125
0 0.9078125 0.33125 0.18125 0.575
0 0.82421875 0.4453125 0.1609375 0.2625
0 0.365625 0.490625 0.3140625 0.31875
1 0.66953125 0.5625 0.1765625 0.5390625