3 0.79375 0.68828125 0.04375 0.125
3 0.82421875 0.70234375 0.059375 0.178125
3 0.41484375 0.72109375 0.040625 0.13125
3 0.85625 0.73203125 0.0796875 0.209375
3 0.371875 0.725 0.04375 0.1515625
3 0.33203125 0.725 0.0484375 0.1625
3 0.471875 0.734375 0.0234375 0.1015625
3 0.4875 0.740625 0.0265625 0.1
3 0.26953125 0.73984375 0.065625 0.2140625
3 0.05390625 0.7453125 0.0375 0.153125
3 0.19765625 0.7546875 0.0390625 0.1203125
3 0.15859375 0.75859375 0.046875 0.1578125
3 0.896875 0.77890625 0.1015625 0.3265625
3 0.1125 0.77578125 0.1203125 0.296875
3 0.18046875 0.784375 0.0671875 0.221875
3 0.975 0.8078125 0.046875 0.20625
0 0.20390625 0.275 0.40625 0.55
0 0.90625 0.3203125 0.184375 0.584375
0 0.83671875 0.43203125 0.175 0.271875
0 0.3765625 0.475 0.33125 0.3375
1 0.68046875 0.54921875 0.20625 0.5484375