3 0.75234375 0.7390625 0.0453125 0.1234375
3 0.78359375 0.7515625 0.0609375 0.178125
3 0.37578125 0.78984375 0.0421875 0.1296875
3 0.81796875 0.7796875 0.08125 0.209375
3 0.3328125 0.7953125 0.0453125 0.15
3 0.29296875 0.796875 0.05 0.1625
3 0.43359375 0.80078125 0.025 0.1015625
3 0.45 0.80625 0.028125 0.1
3 0.23125 0.815625 0.0671875 0.2140625
3 0.01796875 0.8296875 0.0359375 0.1515625
3 0.1609375 0.83359375 0.0390625 0.1203125
3 0.12265625 0.8390625 0.0484375 0.15625
3 0.86015625 0.8265625 0.1015625 0.328125
3 0.07734375 0.85390625 0.1234375 0.2890625
3 0.14609375 0.8640625 0.06875 0.2203125
3 0.93828125 0.8484375 0.040625 0.203125
0 0.17109375 0.353125 0.3421875 0.55
0 0.87265625 0.36328125 0.2484375 0.5828125
0 0.77890625 0.48203125 0.1765625 0.2703125
0 0.32265625 0.5453125 0.3328125 0.334375
1 0.63046875 0.60546875 0.209375 0.546875