3 0.7953125 0.77109375 0.0546875 0.125
3 0.82421875 0.78984375 0.075 0.178125
3 0.41484375 0.74453125 0.0515625 0.1296875
3 0.85625 0.82421875 0.0984375 0.2078125
3 0.37109375 0.74140625 0.05625 0.15
3 0.33125 0.73515625 0.0640625 0.1609375
3 0.471875 0.76640625 0.0328125 0.1
3 0.4859375 0.77578125 0.0375 0.0984375
3 0.26796875 0.740625 0.084375 0.2140625
3 0.0640625 0.71015625 0.03125 0.1515625
3 0.19609375 0.74375 0.0515625 0.11875
3 0.1578125 0.74140625 0.0625 0.15625
3 0.89296875 0.85625 0.1296875 0.284375
3 0.11484375 0.75078125 0.1375 0.2953125
3 0.17734375 0.7703125 0.0890625 0.2203125
3 0.96875 0.9078125 0.059375 0.18125
0 0.22578125 0.2734375 0.4515625 0.546875
0 0.903125 0.4296875 0.190625 0.584375
0 0.84921875 0.52421875 0.196875 0.271875
0 0.38828125 0.4953125 0.35625 0.340625
1 0.68828125 0.615625 0.2546875 0.54375