3 0.990625 0.8171875 0.015625 0.328125
3 0.4984375 0.28828125 0.028125 0.0671875
3 0.1109375 0.34765625 0.03125 0.0671875
3 0.23125 0.33515625 0.0265625 0.0640625
3 0.07109375 0.3578125 0.01875 0.0453125
3 0.09375 0.3578125 0.0265625 0.0609375
3 0.54453125 0.3 0.0328125 0.0828125
3 0.846875 0.2671875 0.0328125 0.0609375
3 0.8953125 0.26484375 0.0296875 0.059375
3 0.57265625 0.30859375 0.0375 0.090625
3 0.39140625 0.33671875 0.034375 0.084375
3 0.05 0.38359375 0.034375 0.06875
3 0.221875 0.3640625 0.034375 0.0875
3 0.6125 0.3140625 0.046875 0.0921875
3 0.02890625 0.40703125 0.0375 0.0953125
3 0.41171875 0.3578125 0.040625 0.109375
3 0.2171875 0.38515625 0.034375 0.0984375
3 0.659375 0.33046875 0.046875 0.1078125
3 0.2078125 0.40234375 0.04375 0.1171875
3 0.43046875 0.375 0.040625 0.11875
3 0.8828125 0.3203125 0.0359375 0.0609375
3 0.19453125 0.42578125 0.05 0.1296875
3 0.4640625 0.40390625 0.0484375 0.134375
3 0.8203125 0.359375 0.0546875 0.1375
3 0.16953125 0.4609375 0.0578125 0.1546875
3 0.1421875 0.49296875 0.071875 0.159375
3 0.965625 0.39765625 0.0671875 0.1859375
3 0.56328125 0.48125 0.0671875 0.19375
3 0.0921875 0.578125 0.1 0.2328125
3 0.68203125 0.56015625 0.103125 0.265625