3 0.3453125 0.60625 0.015625 0.0546875
3 0.9234375 0.57578125 0.0296875 0.0890625
3 0.990625 0.57421875 0.015625 0.1078125
3 0.3640625 0.6203125 0.021875 0.0765625
3 0.40859375 0.628125 0.028125 0.0890625
3 0.3859375 0.63203125 0.0359375 0.096875
3 0.8734375 0.60703125 0.05 0.1296875
3 0.1859375 0.66640625 0.0265625 0.084375
3 0.43828125 0.66328125 0.04375 0.1359375
3 0.16796875 0.71328125 0.0375 0.1109375
3 0.534375 0.69921875 0.05625 0.184375
3 0.51015625 0.703125 0.046875 0.175
3 0.71328125 0.80625 0.0984375 0.303125
3 0.1140625 0.84609375 0.084375 0.3046875