3 0.728125 0.76875 0.134375 0.371875
3 0.4453125 0.42109375 0.0375 0.0578125
3 0.4828125 0.42421875 0.0390625 0.05625
3 0.628125 0.4359375 0.040625 0.08125
3 0.5203125 0.43046875 0.0359375 0.059375
3 0.5453125 0.4328125 0.0390625 0.06875
3 0.6625 0.43984375 0.0328125 0.065625
3 0.7234375 0.45703125 0.0515625 0.0953125
3 0.79140625 0.47109375 0.046875 0.1046875
3 0.2265625 0.44921875 0.0484375 0.0984375
3 0.88828125 0.490625 0.078125 0.1203125
3 0.2578125 0.475 0.0578125 0.125
3 0.365625 0.5625 0.103125 0.196875
3 0.4859375 0.62109375 0.125 0.2765625