3 0.61171875 0.7234375 0.2109375 0.3609375
3 0.5421875 0.0875 0.0421875 0.0671875
3 0.578125 0.09453125 0.040625 0.065625
3 0.32734375 0.17421875 0.040625 0.075
3 0.19296875 0.21640625 0.046875 0.065625
3 0.0875 0.26484375 0.04375 0.0703125
3 0.31953125 0.2125 0.0859375 0.09375
3 0.4390625 0.17578125 0.046875 0.078125
3 0.6234375 0.1203125 0.065625 0.109375
3 0.04921875 0.34921875 0.0765625 0.1390625
3 0.6796875 0.15546875 0.0796875 0.1078125
3 0.25390625 0.30078125 0.1 0.1328125
3 0.8921875 0.1015625 0.0625 0.1125
3 0.4796875 0.3046875 0.1078125 0.1953125
3 0.14765625 0.434375 0.115625 0.1953125
3 0.8484375 0.2359375 0.1328125 0.2109375