3 0.1734375 0.64921875 0.059375 0.134375
3 0.1234375 0.665625 0.0796875 0.16875
3 0.26171875 0.64375 0.0546875 0.11875
3 0.2984375 0.63515625 0.0703125 0.153125
3 0.35703125 0.62734375 0.05625 0.10625
3 0.07265625 0.70625 0.0984375 0.2078125
3 0.6640625 0.61171875 0.0671875 0.146875
3 0.61484375 0.62734375 0.0625 0.1203125
3 0.3796875 0.68984375 0.1671875 0.340625
3 0.82734375 0.60625 0.0765625 0.1578125
3 0.80625 0.6296875 0.0890625 0.20625
3 0.7390625 0.65625 0.153125 0.3453125
3 0.5640625 0.7625 0.29375 0.471875