3 0.32421875 0.67265625 0.0484375 0.08125
3 0.29609375 0.69453125 0.04375 0.0765625
3 0.71796875 0.628125 0.0359375 0.0921875
3 0.25625 0.7453125 0.05 0.0765625
3 0.75625 0.64453125 0.05625 0.1078125
3 0.80546875 0.67109375 0.0671875 0.1140625
3 0.12421875 0.89140625 0.071875 0.146875
3 0.9671875 0.77734375 0.0625 0.1796875
0 0.31171875 0.50078125 0.1890625 0.165625
0 0.14296875 0.54609375 0.2671875 0.2859375
0 0.70078125 0.49296875 0.2703125 0.184375
0 0.8625 0.49140625 0.271875 0.2953125
3 0.3625 0.63515625 0.04375 0.0625