3 0.53359375 0.14765625 0.06875 0.125
3 0.80390625 0.05703125 0.0625 0.1125
3 0.7484375 0.08125 0.0734375 0.140625
3 0.2078125 0.28984375 0.0828125 0.1765625
3 0.77734375 0.1140625 0.0921875 0.1890625
3 0.6859375 0.146875 0.096875 0.19375
3 0.47421875 0.22265625 0.1015625 0.196875
3 0.26484375 0.3046875 0.0875 0.1828125
3 0.06328125 0.38828125 0.084375 0.1796875
3 0.0953125 0.39140625 0.0875 0.1953125
3 0.575 0.2234375 0.1125 0.2359375
3 0.41953125 0.2921875 0.1265625 0.2671875
3 0.12734375 0.41171875 0.1 0.2171875