3 0.25 0.7578125 0.125 0.221875
3 0.9515625 0.52109375 0.06875 0.2578125
0 0.64609375 0.10625 0.4921875 0.2125
0 0.40625 0.128125 0.121875 0.134375
0 0.30234375 0.1890625 0.1109375 0.1515625
0 0.16171875 0.29765625 0.3234375 0.4484375
0 0.76015625 0.13359375 0.3328125 0.2671875
3 0.53359375 0.26484375 0.0484375 0.09375
3 0.5546875 0.28046875 0.0546875 0.115625
3 0.58046875 0.29296875 0.0515625 0.1203125
0 0.11015625 0.49375 0.2203125 0.35
3 0.6125 0.30234375 0.059375 0.1140625
3 0.63984375 0.328125 0.065625 0.1359375
3 0.26796875 0.48671875 0.0046875 0.00625
3 0.67734375 0.34609375 0.065625 0.1359375
3 0.7453125 0.3765625 0.084375 0.1609375
3 0.2859375 0.5953125 0.1125 0.2109375
3 0.84140625 0.428125 0.090625 0.16875