0 0.1578125 0.30078125 0.315625 0.571875
0 0.88203125 0.35 0.1671875 0.2703125
0 0.33828125 0.36875 0.221875 0.3359375
0 0.77890625 0.39140625 0.259375 0.1953125
0 0.42265625 0.41484375 0.115625 0.171875
0 0.66640625 0.42734375 0.1921875 0.11875
0 0.5359375 0.4484375 0.1046875 0.0578125
3 0.57421875 0.51796875 0.0203125 0.05625
3 0.77421875 0.54140625 0.0328125 0.0828125
3 0.59453125 0.540625 0.025 0.084375
3 0.82265625 0.55234375 0.0390625 0.09375
3 0.64375 0.5484375 0.0328125 0.0875
3 0.71796875 0.5875 0.0578125 0.1421875
3 0.88046875 0.61328125 0.078125 0.203125