0 0.209375 0.2890625 0.3859375 0.3265625
0 0.91640625 0.47109375 0.1640625 0.1953125
0 0.403125 0.415625 0.3265625 0.1625
0 0.60859375 0.465625 0.234375 0.1
0 0.884375 0.53671875 0.228125 0.1140625
3 0.8671875 0.63046875 0.0671875 0.0515625
3 0.39453125 0.55546875 0.0625 0.0796875
3 0.22109375 0.534375 0.0609375 0.1265625
3 0.29453125 0.55546875 0.075 0.109375
3 0.925 0.68828125 0.0875 0.1140625
3 0.0296875 0.50546875 0.0484375 0.1484375
3 0.940625 0.71171875 0.078125 0.1375
3 0.1359375 0.54453125 0.0890625 0.165625