3 0.43671875 0.30859375 0.0390625 0.1140625
3 0.60078125 0.34921875 0.040625 0.128125
3 0.3734375 0.2984375 0.0546875 0.14375
3 0.53125 0.34296875 0.053125 0.1578125
3 0.675 0.38671875 0.0515625 0.15
3 0.47578125 0.3421875 0.05625 0.16875
3 0.646875 0.39140625 0.0515625 0.1515625
3 0.41015625 0.3375 0.059375 0.1828125
3 0.94453125 0.471875 0.0546875 0.1453125
3 0.78515625 0.44921875 0.0515625 0.1375
3 0.7609375 0.4765625 0.0546875 0.1625
3 0.46796875 0.4234375 0.065625 0.234375
3 0.73203125 0.49453125 0.071875 0.203125
3 0.6890625 0.5234375 0.0828125 0.2515625