0 0.85546875 0.29609375 0.2859375 0.5734375
0 0.12421875 0.3234375 0.1546875 0.2703125
0 0.66875 0.3578125 0.2046875 0.3359375
0 0.22265625 0.3671875 0.25 0.19375
0 0.57734375 0.4015625 0.1078125 0.1703125
0 0.33203125 0.40703125 0.1859375 0.1171875
0 0.46015625 0.43203125 0.1015625 0.0578125
3 0.41328125 0.5 0.0171875 0.05625
3 0.209375 0.5171875 0.028125 0.084375
3 0.38984375 0.521875 0.0203125 0.0859375
3 0.159375 0.52734375 0.034375 0.0953125
3 0.33984375 0.52890625 0.028125 0.0875
3 0.259375 0.565625 0.0515625 0.1421875
3 0.09375 0.5859375 0.065625 0.203125