3 0.41796875 0.18828125 0.0609375 0.125
3 0.153125 0.11796875 0.05625 0.1125
3 0.2078125 0.13828125 0.0640625 0.140625
3 0.7359375 0.3078125 0.0703125 0.178125
3 0.17578125 0.1734375 0.078125 0.1890625
3 0.265625 0.19921875 0.084375 0.196875
3 0.471875 0.26015625 0.0890625 0.1984375
3 0.6765625 0.3265625 0.0734375 0.1828125
3 0.87265625 0.3953125 0.071875 0.18125
3 0.84140625 0.4015625 0.075 0.196875
3 0.37109375 0.26796875 0.096875 0.2390625
3 0.52265625 0.325 0.1078125 0.26875
3 0.80703125 0.42265625 0.0859375 0.2203125