0 0.9171875 0.7125 0.1125 0.1125
0 0.81796875 0.69921875 0.13125 0.1078125
0 0.72109375 0.6796875 0.125 0.0984375
0 0.50703125 0.62578125 0.140625 0.10625
0 0.61484375 0.66015625 0.1234375 0.1
0 0.40625 0.6046875 0.1171875 0.0921875
0 0.32109375 0.58203125 0.1109375 0.078125
0 0.23046875 0.56796875 0.103125 0.078125
0 0.15234375 0.5640625 0.10625 0.0875
0 0.0578125 0.5421875 0.115625 0.078125
3 0.7703125 0.76640625 0.0328125 0.0609375
3 0.728125 0.75546875 0.0234375 0.0515625
3 0.7921875 0.77578125 0.021875 0.0515625
3 0.87265625 0.79921875 0.028125 0.06875
3 0.89375 0.80546875 0.03125 0.0734375
3 0.7125 0.7578125 0.0203125 0.053125
3 0.51875 0.703125 0.025 0.053125
3 0.8078125 0.7859375 0.025 0.0625
3 0.42109375 0.6796875 0.025 0.0625
3 0.7390625 0.7703125 0.0203125 0.0546875
3 0.83203125 0.79609375 0.034375 0.0859375
3 0.43671875 0.690625 0.0234375 0.0578125
3 0.57265625 0.7296875 0.0234375 0.0609375
3 0.30234375 0.653125 0.0203125 0.04375
3 0.38046875 0.675 0.0203125 0.04375
3 0.31171875 0.65859375 0.0140625 0.0359375
3 0.2765625 0.64921875 0.0203125 0.0359375
3 0.64453125 0.75390625 0.0203125 0.0515625
3 0.33125 0.66640625 0.0234375 0.05
3 0.2078125 0.63359375 0.01875 0.04375
3 0.2234375 0.6390625 0.01875 0.0421875
3 0.4 0.6890625 0.021875 0.0484375
3 0.3515625 0.678125 0.01875 0.0484375
3 0.17421875 0.63125 0.0265625 0.04375
3 0.0390625 0.5984375 0.01875 0.0375
3 0.12421875 0.62421875 0.0234375 0.040625