3 0.11328125 0.48125 0.0484375 0.134375
3 0.06015625 0.4796875 0.0640625 0.1671875
3 0.19609375 0.50546875 0.04375 0.1171875
3 0.2328125 0.50859375 0.05625 0.153125
3 0.28984375 0.521875 0.0484375 0.103125
3 0.01796875 0.49921875 0.0359375 0.2078125
3 0.57578125 0.609375 0.0515625 0.146875
3 0.52421875 0.6078125 0.0515625 0.11875
3 0.28046875 0.58671875 0.1375 0.3359375
3 0.7265625 0.65859375 0.0625 0.15625
3 0.69609375 0.67265625 0.0703125 0.20625
3 0.621875 0.675 0.121875 0.3453125
3 0.4015625 0.734375 0.25 0.496875