0 0.81640625 0.35703125 0.3625 0.2984375
0 0.08828125 0.4 0.1734375 0.18125
0 0.6140625 0.4453125 0.31875 0.1375
0 0.40546875 0.4546875 0.2296875 0.08125
0 0.11953125 0.471875 0.234375 0.09375
3 0.134375 0.56953125 0.0640625 0.0453125
3 0.609375 0.5859375 0.0546875 0.078125
3 0.784375 0.596875 0.0484375 0.125
3 0.709375 0.60390625 0.0640625 0.1046875
3 0.07265625 0.615625 0.0765625 0.109375
3 0.97890625 0.60625 0.0390625 0.146875
3 0.0546875 0.634375 0.0640625 0.1328125
3 0.8671875 0.62421875 0.0734375 0.1609375