3 0.54921875 0.51484375 0.09375 0.2640625
3 0.4953125 0.63671875 0.0796875 0.3015625
3 0.32578125 0.765625 0.1109375 0.3734375
3 0.32578125 0.2140625 0.021875 0.053125
3 0.18671875 0.2421875 0.040625 0.075
3 0.49921875 0.23671875 0.0234375 0.0609375
3 0.478125 0.2421875 0.0234375 0.06875
3 0.1609375 0.26015625 0.028125 0.0765625
3 0.4609375 0.253125 0.0328125 0.084375
3 0.1046875 0.26953125 0.0359375 0.084375
3 0.4421875 0.26328125 0.025 0.0828125
3 0.4171875 0.26953125 0.0328125 0.096875
3 0.05859375 0.28125 0.0390625 0.0953125
3 0.384375 0.27734375 0.034375 0.0984375
3 0.01484375 0.29765625 0.0296875 0.0859375
3 0.35 0.290625 0.0390625 0.103125
3 0.31953125 0.30390625 0.0453125 0.103125
3 0.265625 0.3265625 0.0359375 0.11875
3 0.2140625 0.3359375 0.040625 0.1375
3 0.68125 0.3375 0.0328125 0.140625
3 0.1421875 0.35703125 0.075 0.165625
3 0.05078125 0.37265625 0.059375 0.1578125
3 0.63203125 0.409375 0.05625 0.1890625
3 0.6 0.44921875 0.0703125 0.2109375