0 0.93046875 0.4859375 0.0953125 0.1
0 0.83671875 0.5125 0.1234375 0.0921875
0 0.73828125 0.53359375 0.11875 0.0828125
0 0.51953125 0.56640625 0.134375 0.0890625
0 0.63125 0.55625 0.11875 0.084375
0 0.4171875 0.5890625 0.1125 0.078125
0 0.3296875 0.6015625 0.1078125 0.065625
0 0.23984375 0.6234375 0.0984375 0.0671875
0 0.16328125 0.6515625 0.1015625 0.0765625
0 0.06171875 0.67265625 0.1234375 0.0578125
3 0.81015625 0.59375 0.025 0.0578125
3 0.76484375 0.6 0.0171875 0.05
3 0.83203125 0.59375 0.015625 0.0515625
3 0.91640625 0.584375 0.0203125 0.0671875
3 0.93828125 0.58125 0.0234375 0.0734375
3 0.7515625 0.609375 0.0140625 0.053125
3 0.55078125 0.6359375 0.01875 0.053125
3 0.85 0.59765625 0.0171875 0.0625
3 0.45234375 0.6515625 0.0171875 0.0625
3 0.78046875 0.61015625 0.0125 0.0546875
3 0.8765625 0.59765625 0.0234375 0.0859375
3 0.4703125 0.65625 0.015625 0.0578125
3 0.61015625 0.6375 0.0171875 0.0609375
3 0.33125 0.67421875 0.0140625 0.04375
3 0.4125 0.6640625 0.0140625 0.04375
3 0.3421875 0.675 0.0109375 0.0359375
3 0.30546875 0.68046875 0.015625 0.0359375
3 0.68515625 0.6328125 0.0125 0.0515625
3 0.3625 0.675 0.0171875 0.0484375
3 0.2359375 0.69375 0.0125 0.04375
3 0.25234375 0.6921875 0.0140625 0.0421875
3 0.434375 0.66953125 0.015625 0.0484375
3 0.38515625 0.67734375 0.0125 0.0484375
3 0.20390625 0.70546875 0.021875 0.0421875
3 0.06484375 0.728125 0.0140625 0.0359375
3 0.153125 0.71796875 0.0203125 0.0390625