3 0.92265625 0.74375 0.1140625 0.278125
3 0.0265625 0.44609375 0.0453125 0.109375
3 0.48515625 0.34296875 0.028125 0.075
3 0.659375 0.30625 0.0328125 0.075
3 0.16796875 0.4328125 0.0578125 0.1375
3 0.71328125 0.3 0.034375 0.0875
3 0.5078125 0.353125 0.03125 0.0703125
3 0.7859375 0.2859375 0.0421875 0.1046875
3 0.5328125 0.34921875 0.0421875 0.103125
3 0.08984375 0.49140625 0.075 0.18125
3 0.30859375 0.48984375 0.0921875 0.2359375
3 0.965625 0.38671875 0.065625 0.25
3 0.6609375 0.5046875 0.0953125 0.2796875
3 0.259375 0.6578125 0.115625 0.3046875