2 0.64921875 0.45078125 0.153125 0.1390625
0 0.03671875 0.37421875 0.0296875 0.0296875
0 0.8765625 0.55078125 0.04375 0.0296875
0 0.815625 0.540625 0.06875 0.0421875
0 0.303125 0.43984375 0.0875 0.065625
0 0.1484375 0.40859375 0.071875 0.065625
0 0.49296875 0.48359375 0.1046875 0.0609375
0 0.39453125 0.46328125 0.0921875 0.0671875
0 0.0828125 0.40078125 0.053125 0.0625
3 0.7375 0.56640625 0.0265625 0.05625
3 0.609375 0.5578125 0.0359375 0.065625
3 0.56640625 0.553125 0.0375 0.078125
3 0.51171875 0.55078125 0.0359375 0.0796875
3 0.44609375 0.54375 0.059375 0.103125
3 0.37421875 0.5421875 0.05 0.103125
3 0.2796875 0.53671875 0.053125 0.115625
3 0.07578125 0.49921875 0.05 0.103125
3 0.16171875 0.52890625 0.0484375 0.1015625
3 0.021875 0.525 0.0328125 0.115625