3 0.38984375 0.7265625 0.2171875 0.3625
3 0.74140625 0.1640625 0.04375 0.0671875
3 0.76640625 0.18984375 0.040625 0.065625
3 0.515625 0.12109375 0.0421875 0.075
3 0.38203125 0.084375 0.0484375 0.065625
3 0.26640625 0.06796875 0.0453125 0.0703125
3 0.4859375 0.1484375 0.0890625 0.09375
3 0.603125 0.18203125 0.0484375 0.078125
3 0.7859375 0.23515625 0.0671875 0.1109375
3 0.17890625 0.1140625 0.0890625 0.1390625
3 0.8078125 0.29375 0.08125 0.109375
3 0.37578125 0.1859375 0.103125 0.1328125
3 0.553125 0.309375 0.1109375 0.196875
3 0.20625 0.23984375 0.11875 0.196875
3 0.88984375 0.45 0.1359375 0.2125