3 0.7234375 0.82890625 0.11875 0.2265625
3 0.02890625 0.5703125 0.0578125 0.259375
0 0.3421875 0.14453125 0.4875 0.271875
0 0.58203125 0.19375 0.11875 0.1390625
0 0.68359375 0.25859375 0.10625 0.15625
0 0.8328125 0.37109375 0.3296875 0.4578125
0 0.22734375 0.1875 0.3265625 0.2828125
3 0.45078125 0.32734375 0.046875 0.096875
3 0.4296875 0.3421875 0.0515625 0.11875
3 0.403125 0.3546875 0.0484375 0.1234375
0 0.8796875 0.56875 0.23125 0.359375
3 0.37109375 0.3625 0.05625 0.1171875
3 0.34375 0.3875 0.0609375 0.1375
3 0.71171875 0.55703125 0.0046875 0.00625
3 0.3046875 0.4046875 0.0625 0.1390625
3 0.23671875 0.4328125 0.0796875 0.1640625
3 0.690625 0.665625 0.10625 0.215625
3 0.13984375 0.48125 0.084375 0.1734375