3 0.81796875 0.83046875 0.0953125 0.196875
3 0.8546875 0.23828125 0.03125 0.075
3 0.95390625 0.23203125 0.0234375 0.065625
3 0.74453125 0.265625 0.0296875 0.0671875
3 0.98359375 0.24375 0.0296875 0.1125
3 0.565625 0.3109375 0.0359375 0.075
3 0.8484375 0.2671875 0.034375 0.08125
3 0.70234375 0.29609375 0.040625 0.075
3 0.60859375 0.3203125 0.025 0.065625
3 0.48828125 0.34765625 0.0359375 0.059375
3 0.403125 0.36875 0.0421875 0.084375
3 0.29375 0.39140625 0.053125 0.09375
3 0.83203125 0.32421875 0.0515625 0.1359375
3 0.6671875 0.36875 0.053125 0.140625
3 0.78515625 0.36640625 0.053125 0.1
3 0.50390625 0.42421875 0.053125 0.10625
3 0.31015625 0.465625 0.0375 0.071875
3 0.6015625 0.45703125 0.0671875 0.2171875
3 0.8109375 0.44921875 0.0390625 0.09375
3 0.38515625 0.55234375 0.0484375 0.0828125
3 0.46640625 0.61953125 0.10625 0.246875
3 0.79296875 0.578125 0.13125 0.3078125