3 0.221875 0.54375 0.0984375 0.14375
3 0.75859375 0.76953125 0.103125 0.1765625
3 0.1125 0.6515625 0.1421875 0.1953125
0 0.34921875 0.17265625 0.3796875 0.3453125
0 0.415625 0.15546875 0.325 0.2984375
0 0.2296875 0.1984375 0.4 0.396875
0 0.8421875 0.325 0.3125 0.65
0 0.65546875 0.278125 0.2375 0.1921875
0 0.77578125 0.31484375 0.3703125 0.4625
3 0.4359375 0.3375 0.0328125 0.053125
3 0.596875 0.39375 0.0546875 0.0796875
3 0.4046875 0.3640625 0.0328125 0.053125
3 0.3828125 0.38671875 0.0421875 0.059375
3 0.6140625 0.459375 0.0375 0.0671875
3 0.6328125 0.5109375 0.040625 0.0671875
3 0.6609375 0.5375 0.04375 0.0671875
3 0.29921875 0.4609375 0.065625 0.103125