3 0.10625 0.74921875 0.028125 0.0828125
3 0.21484375 0.7609375 0.0265625 0.0828125
3 0.08203125 0.7703125 0.0390625 0.1234375
3 0.30703125 0.7625 0.0328125 0.0828125
3 0.528125 0.75390625 0.0328125 0.084375
3 0.1859375 0.78515625 0.03125 0.0875
3 0.36953125 0.77734375 0.0328125 0.1078125
3 0.4703125 0.77265625 0.0359375 0.1
3 0.959375 0.74375 0.025 0.0828125
3 0.16171875 0.7921875 0.034375 0.103125
3 0.690625 0.7703125 0.04375 0.128125
3 0.14453125 0.80390625 0.040625 0.1546875
3 0.39140625 0.790625 0.0515625 0.125
3 0.62578125 0.7796875 0.0421875 0.1359375
3 0.99609375 0.7625 0.0046875 0.09375
3 0.2703125 0.8078125 0.0546875 0.146875
3 0.8078125 0.78046875 0.0390625 0.11875
3 0.93828125 0.78203125 0.0375 0.115625
3 0.41953125 0.8125 0.0421875 0.140625
3 0.7578125 0.79453125 0.0390625 0.1296875
3 0.5796875 0.8296875 0.053125 0.18125
3 0.73046875 0.82734375 0.046875 0.18125
3 0.89609375 0.81796875 0.0515625 0.1703125