3 0.3859375 0.33046875 0.053125 0.1109375
3 0.54453125 0.27890625 0.0546875 0.1234375
3 0.32890625 0.3546875 0.0703125 0.140625
3 0.48359375 0.309375 0.071875 0.153125
3 0.62734375 0.2734375 0.0703125 0.1453125
3 0.43828125 0.3390625 0.078125 0.165625
3 0.60703125 0.290625 0.06875 0.146875
3 0.38203125 0.36796875 0.08125 0.1796875
3 0.896875 0.2046875 0.071875 0.1421875
3 0.7546875 0.26875 0.0671875 0.134375
3 0.75 0.30390625 0.0734375 0.159375
3 0.48046875 0.4109375 0.09375 0.2265625
3 0.7375 0.334375 0.096875 0.1984375
3 0.71953125 0.38125 0.1140625 0.2453125