3 0.13203125 0.43125 0.0578125 0.1375
3 0.08046875 0.42578125 0.078125 0.1703125
3 0.21171875 0.4625 0.0546875 0.1203125
3 0.2484375 0.46953125 0.06875 0.1578125
3 0.303125 0.4859375 0.05625 0.1078125
3 0.03203125 0.43984375 0.0640625 0.2109375
3 0.5765625 0.5984375 0.065625 0.1484375
3 0.52578125 0.5921875 0.0625 0.121875
3 0.28671875 0.55234375 0.165625 0.3453125
3 0.7203125 0.6609375 0.075 0.1609375
3 0.68984375 0.671875 0.0875 0.2109375
3 0.61640625 0.66875 0.15 0.3515625
3 0.39296875 0.71328125 0.2875 0.5203125