3 0.36171875 0.4453125 0.046875 0.0828125
3 0.7359375 0.32578125 0.0390625 0.0796875
3 0.6234375 0.36484375 0.0359375 0.0875
3 0.49765625 0.4109375 0.05 0.1015625
3 0.12421875 0.5359375 0.0359375 0.0625
3 0.21015625 0.51484375 0.0390625 0.078125
3 0.59765625 0.3890625 0.0375 0.0859375
3 0.40390625 0.45390625 0.040625 0.09375
3 0.73125 0.3484375 0.0421875 0.1
3 0.31171875 0.49375 0.028125 0.059375
3 0.13828125 0.5515625 0.0265625 0.053125
3 0.715625 0.36328125 0.04375 0.1078125
3 0.57421875 0.41796875 0.0515625 0.096875
3 0.4265625 0.47265625 0.046875 0.08125
3 0.55078125 0.4375 0.05625 0.1
3 0.25234375 0.5375 0.04375 0.0875
3 0.371875 0.503125 0.05 0.1015625
3 0.553125 0.3265625 0.0328125 0.05625
3 0.5375 0.334375 0.0203125 0.0421875
3 0.5234375 0.346875 0.028125 0.0578125
3 0.678125 0.3015625 0.0296875 0.0671875
3 0.50625 0.365625 0.0265625 0.053125
3 0.4375 0.39609375 0.0359375 0.0828125
3 0.6453125 0.33359375 0.0328125 0.071875
3 0.090625 0.51640625 0.03125 0.05625
3 0.48359375 0.390625 0.0375 0.08125
3 0.6359375 0.34296875 0.0296875 0.0625
3 0.1078125 0.51953125 0.034375 0.0625
3 0.4171875 0.4203125 0.0390625 0.078125
3 0.178125 0.49921875 0.0375 0.0703125
3 0.31484375 0.459375 0.0296875 0.0578125