3 0.01953125 0.59453125 0.03125 0.0828125
3 0.1203125 0.6390625 0.03125 0.0828125
3 0.00546875 0.60703125 0.0109375 0.1234375
3 0.209375 0.66953125 0.0359375 0.0828125
3 0.42578125 0.73203125 0.0359375 0.084375
3 0.08359375 0.6515625 0.0359375 0.0875
3 0.26484375 0.70390625 0.0359375 0.1078125
3 0.36328125 0.73046875 0.0390625 0.1015625
3 0.84765625 0.859375 0.0296875 0.0828125
3 0.05703125 0.65 0.0390625 0.103125
3 0.578125 0.7984375 0.05 0.128125
3 0.0359375 0.65625 0.0484375 0.15625
3 0.28125 0.72265625 0.05625 0.1265625
3 0.5109375 0.7859375 0.046875 0.1375
3 0.88828125 0.89140625 0.0328125 0.0921875
3 0.1578125 0.69921875 0.059375 0.146875
3 0.6875 0.84453125 0.04375 0.11875
3 0.81328125 0.8875 0.0421875 0.115625
3 0.3 0.75078125 0.0484375 0.1421875
3 0.634375 0.84140625 0.0453125 0.13125
3 0.90625 0.9328125 0.053125 0.13125
3 0.44921875 0.81796875 0.0609375 0.18125
3 0.5953125 0.86328125 0.0546875 0.1796875
3 0.76015625 0.90625 0.059375 0.1703125