3 0.7984375 0.734375 0.1296875 0.221875
3 0.07734375 0.57578125 0.08125 0.2578125
0 0.34609375 0.11328125 0.5015625 0.2265625
0 0.5890625 0.121875 0.1265625 0.1328125
0 0.696875 0.171875 0.115625 0.1484375
0 0.83828125 0.2609375 0.3203125 0.4375
0 0.2375 0.1640625 0.3421875 0.2625
3 0.4734375 0.27265625 0.0515625 0.0953125
3 0.4546875 0.290625 0.0578125 0.115625
3 0.4296875 0.30625 0.053125 0.1203125
0 0.8984375 0.45234375 0.2 0.3453125
3 0.39921875 0.31796875 0.0625 0.1140625
3 0.375 0.34765625 0.06875 0.1359375
3 0.75703125 0.465625 0.0046875 0.00625
3 0.3390625 0.36953125 0.06875 0.1359375
3 0.27421875 0.4078125 0.0875 0.1609375
3 0.7484375 0.5765625 0.1171875 0.209375
3 0.18359375 0.4703125 0.0953125 0.16875