3 0.81640625 0.59453125 0.084375 0.1375
3 0.2875 0.825 0.084375 0.1703125
3 0.92890625 0.70078125 0.1234375 0.184375
0 0.68359375 0.1984375 0.3390625 0.3734375
0 0.6140625 0.21015625 0.3 0.2671875
0 0.8046875 0.22578125 0.353125 0.421875
0 0.15859375 0.3796875 0.315625 0.628125
0 0.37890625 0.33515625 0.2234375 0.1671875
0 0.26015625 0.3734375 0.328125 0.434375
3 0.5984375 0.39296875 0.028125 0.05
3 0.43984375 0.45 0.046875 0.0765625
3 0.63125 0.41796875 0.028125 0.05
3 0.653125 0.440625 0.0359375 0.05625
3 0.425 0.515625 0.0296875 0.0640625
3 0.40625 0.56640625 0.034375 0.065625
3 0.3796875 0.59375 0.0359375 0.065625
3 0.73828125 0.5140625 0.0546875 0.1