3 0.6609375 0.63515625 0.0234375 0.0546875
3 0.1 0.46796875 0.0421875 0.0875
3 0.028125 0.4484375 0.0453125 0.103125
3 0.640625 0.64453125 0.03125 0.075
3 0.596875 0.6421875 0.040625 0.0875
3 0.6171875 0.6515625 0.05 0.096875
3 0.1453125 0.51015625 0.0671875 0.1296875
3 0.015625 0.47578125 0.0265625 0.1390625
3 0.8078125 0.73203125 0.0390625 0.0828125
3 0.56171875 0.66953125 0.0625 0.134375
3 0.81875 0.7828125 0.0515625 0.109375
3 0.4625 0.6828125 0.0828125 0.1828125
3 0.4859375 0.69140625 0.0734375 0.1734375
3 0.27265625 0.74609375 0.140625 0.3015625
3 0.8515625 0.8875 0.128125 0.221875