0 0.8328125 0.45 0.325 0.609375
0 0.12734375 0.27734375 0.1828125 0.2890625
0 0.646875 0.4578125 0.240625 0.3609375
0 0.21171875 0.34609375 0.2671875 0.23125
0 0.54765625 0.475 0.125 0.184375
0 0.3078125 0.41328125 0.1953125 0.1453125
0 0.42578125 0.47265625 0.10625 0.0734375
3 0.36328125 0.52421875 0.0234375 0.059375
3 0.1609375 0.4859375 0.0390625 0.0859375
3 0.3359375 0.53984375 0.0328125 0.0859375
3 0.11015625 0.4828125 0.0453125 0.0984375
3 0.28515625 0.5328125 0.0390625 0.0890625
3 0.1984375 0.546875 0.0671875 0.1484375
3 0.0390625 0.521875 0.078125 0.2078125