3 0.43125 0.70078125 0.1625 0.3640625
3 0.68515625 0.08125 0.0328125 0.0671875
3 0.7140625 0.09921875 0.03125 0.065625
3 0.45078125 0.09375 0.0296875 0.0765625
3 0.3109375 0.090625 0.0390625 0.065625
3 0.1921875 0.10234375 0.034375 0.071875
3 0.42578125 0.1265625 0.078125 0.090625
3 0.55 0.13125 0.0359375 0.0796875
3 0.74140625 0.13828125 0.05 0.1109375
3 0.1125 0.1671875 0.06875 0.1390625
3 0.7734375 0.1890625 0.065625 0.10625
3 0.32265625 0.1890625 0.084375 0.13125
3 0.97265625 0.209375 0.015625 0.1125
3 0.521875 0.26484375 0.0796875 0.1984375
3 0.16171875 0.28046875 0.0890625 0.1984375
3 0.8828125 0.31875 0.103125 0.2140625