3 0.2796875 0.765625 0.1265625 0.3671875
3 0.59375 0.43203125 0.0359375 0.05625
3 0.55625 0.43359375 0.0390625 0.0515625
3 0.40859375 0.43828125 0.0390625 0.078125
3 0.51875 0.4375 0.034375 0.0578125
3 0.49375 0.4390625 0.0359375 0.0640625
3 0.3734375 0.440625 0.0296875 0.0640625
3 0.3109375 0.45546875 0.05 0.090625
3 0.240625 0.46640625 0.046875 0.1
3 0.8125 0.4703125 0.046875 0.0953125
3 0.14140625 0.48046875 0.0765625 0.1140625
3 0.778125 0.49453125 0.0578125 0.1203125
3 0.66171875 0.57734375 0.1 0.190625
3 0.53515625 0.62890625 0.121875 0.2671875