3 0.27734375 0.66640625 0.0328125 0.078125
3 0.24453125 0.67890625 0.028125 0.071875
3 0.6703125 0.74296875 0.01875 0.090625
3 0.1953125 0.71484375 0.034375 0.0734375
3 0.70390625 0.77109375 0.034375 0.1046875
3 0.74609375 0.8109375 0.0453125 0.109375
3 0.03515625 0.815625 0.04375 0.140625
3 0.89921875 0.940625 0.0640625 0.115625
0 0.3015625 0.49765625 0.1640625 0.14375
0 0.11953125 0.4875 0.2328125 0.253125
0 0.68203125 0.60859375 0.2453125 0.1515625
0 0.8640625 0.66328125 0.2703125 0.2578125
3 0.32265625 0.6421875 0.03125 0.059375