3 0.0125 0.60546875 0.025 0.0421875
3 0.04140625 0.6265625 0.040625 0.0640625
3 0.0796875 0.64921875 0.040625 0.0734375
3 0.10234375 0.66875 0.05625 0.0890625
3 0.58828125 0.82578125 0.0859375 0.184375
3 0.13203125 0.68671875 0.034375 0.0859375
3 0.16484375 0.71328125 0.0515625 0.1046875
3 0.215625 0.75234375 0.0609375 0.1359375
3 0.278125 0.8 0.0640625 0.1421875
0 0.70078125 0.57578125 0.234375 0.2328125
0 0.32734375 0.4890625 0.2078125 0.2625
0 0.8796875 0.68046875 0.175 0.1765625
0 0.528125 0.60234375 0.25625 0.2140625
0 0.1875 0.4984375 0.2109375 0.2421875
0 0.0703125 0.48671875 0.140625 0.16875