3 0.78671875 0.67578125 0.059375 0.13125
3 0.21640625 0.77734375 0.0515625 0.165625
3 0.8734375 0.80390625 0.0921875 0.1734375
0 0.75234375 0.23046875 0.2640625 0.403125
0 0.67265625 0.2578125 0.265625 0.2265625
0 0.8671875 0.27421875 0.2625 0.4796875
0 0.146875 0.303125 0.29375 0.590625
0 0.4140625 0.325 0.203125 0.134375
0 0.2890625 0.3328125 0.2546875 0.4
3 0.6171875 0.43046875 0.01875 0.05
3 0.44921875 0.44921875 0.0328125 0.071875
3 0.64375 0.4625 0.01875 0.05
3 0.66015625 0.4890625 0.0265625 0.053125
3 0.41875 0.50859375 0.0171875 0.0640625
3 0.390625 0.55390625 0.021875 0.0625
3 0.3578125 0.57421875 0.0234375 0.0625
3 0.72734375 0.58046875 0.0375 0.0953125