3 0.26796875 0.74765625 0.115625 0.225
3 0.96875 0.50625 0.059375 0.2578125
0 0.65625 0.1015625 0.484375 0.203125
0 0.41640625 0.11640625 0.1171875 0.1359375
0 0.3140625 0.178125 0.1046875 0.153125
0 0.16328125 0.2875 0.3265625 0.45
0 0.77109375 0.128125 0.3234375 0.25625
3 0.54609375 0.25234375 0.0453125 0.0953125
3 0.56640625 0.26796875 0.05 0.1171875
3 0.59296875 0.28046875 0.046875 0.121875
0 0.1140625 0.484375 0.228125 0.353125
3 0.625 0.28984375 0.0546875 0.115625
3 0.65234375 0.31484375 0.059375 0.1359375
3 0.2828125 0.4765625 0.0046875 0.00625
3 0.690625 0.3328125 0.0609375 0.1375
3 0.75859375 0.36328125 0.078125 0.1625
3 0.30234375 0.58515625 0.103125 0.2125
3 0.8546875 0.4140625 0.0828125 0.1703125