0 0.33125 0.2875 0.6625 0.575
0 0.6203125 0.26953125 0.3515625 0.38125
0 0.771875 0.35703125 0.2234375 0.2046875
0 0.95859375 0.35078125 0.0796875 0.1328125
0 0.93359375 0.38515625 0.0734375 0.0796875
3 0.9796875 0.44765625 0.0296875 0.0609375
3 0.99609375 0.4515625 0.0046875 0.071875
3 0.83046875 0.49140625 0.0265625 0.0515625
3 0.796875 0.51171875 0.03125 0.075
3 0.78828125 0.53671875 0.0453125 0.103125
3 0.76796875 0.55078125 0.0515625 0.121875
3 0.73125 0.57109375 0.084375 0.184375
3 0.378125 0.67734375 0.0515625 0.1171875
3 0.69375 0.6453125 0.096875 0.2375
3 0.5875 0.7046875 0.13125 0.334375
3 0.31171875 0.83125 0.1765625 0.334375