0 0.67109375 0.33359375 0.6546875 0.6203125
0 0.38984375 0.28046875 0.3578125 0.403125
0 0.23671875 0.3515625 0.2265625 0.2203125
0 0.0453125 0.32265625 0.090625 0.1359375
0 0.07421875 0.36171875 0.075 0.084375
3 0.02578125 0.41875 0.0328125 0.0625
3 0.00546875 0.41796875 0.0109375 0.0703125
3 0.17421875 0.4796875 0.028125 0.053125
3 0.20625 0.50390625 0.0328125 0.0765625
3 0.2140625 0.53046875 0.046875 0.10625
3 0.234375 0.54765625 0.053125 0.125
3 0.2703125 0.57109375 0.0890625 0.1875
3 0.61953125 0.71875 0.0546875 0.11875
3 0.30546875 0.65 0.103125 0.240625
3 0.41015625 0.72265625 0.140625 0.3390625
3 0.68046875 0.8546875 0.1859375 0.2875