3 0.07734375 0.7484375 0.1265625 0.278125
3 0.978125 0.5375 0.040625 0.1125
3 0.5375 0.39296875 0.0375 0.075
3 0.36640625 0.33984375 0.040625 0.075
3 0.84765625 0.5109375 0.071875 0.1375
3 0.31171875 0.32890625 0.04375 0.0875
3 0.51328125 0.4 0.0390625 0.0703125
3 0.24140625 0.3078125 0.0546875 0.1046875
3 0.4890625 0.39453125 0.0546875 0.103125
3 0.9203125 0.57578125 0.0953125 0.1796875
3 0.70234375 0.55390625 0.11875 0.2359375
3 0.05390625 0.38984375 0.0953125 0.2484375
3 0.3484375 0.5359375 0.128125 0.2765625
3 0.7375 0.725 0.15 0.3046875