3 0.38203125 0.38828125 0.0421875 0.08125
3 0.7609375 0.46171875 0.034375 0.0796875
3 0.64453125 0.44296875 0.0296875 0.0875
3 0.51484375 0.42265625 0.0453125 0.1015625
3 0.1328125 0.35546875 0.0328125 0.0609375
3 0.21640625 0.37734375 0.034375 0.0765625
3 0.6109375 0.45234375 0.0328125 0.0859375
3 0.41328125 0.41640625 0.034375 0.0921875
3 0.7453125 0.48046875 0.0359375 0.0984375
3 0.3140625 0.40625 0.0265625 0.059375
3 0.13671875 0.375 0.0234375 0.053125
3 0.72421875 0.4859375 0.0390625 0.10625
3 0.5765625 0.46640625 0.046875 0.0953125
3 0.42265625 0.44296875 0.04375 0.078125
3 0.546875 0.47265625 0.053125 0.0984375
3 0.24140625 0.4171875 0.0390625 0.0859375
3 0.3609375 0.44375 0.0453125 0.1015625
3 0.6046875 0.375 0.0296875 0.0546875
3 0.58671875 0.37421875 0.01875 0.0421875
3 0.56875 0.37890625 0.0265625 0.0578125
3 0.725 0.4125 0.0265625 0.0671875
3 0.5453125 0.38671875 0.0234375 0.053125
3 0.47109375 0.38125 0.03125 0.08125
3 0.6796875 0.42578125 0.028125 0.0734375
3 0.11328125 0.321875 0.0265625 0.05625
3 0.51328125 0.3984375 0.0328125 0.0796875
3 0.6671875 0.4296875 0.0265625 0.0640625
3 0.12734375 0.33203125 0.03125 0.0609375
3 0.44140625 0.3921875 0.034375 0.0765625
3 0.19765625 0.34765625 0.034375 0.06875
3 0.334375 0.37890625 0.0265625 0.0578125