3 0.9234375 0.86875 0.1 0.259375
3 0.05078125 0.4 0.040625 0.10625
3 0.51328125 0.39140625 0.0234375 0.075
3 0.68984375 0.38984375 0.028125 0.0734375
3 0.1921875 0.41484375 0.0484375 0.134375
3 0.74453125 0.3953125 0.028125 0.0875
3 0.5359375 0.40546875 0.028125 0.06875
3 0.8171875 0.39609375 0.0375 0.1046875
3 0.5609375 0.40703125 0.0375 0.103125
3 0.11171875 0.4578125 0.065625 0.178125
3 0.32890625 0.5 0.0796875 0.2328125
3 0.98125 0.5328125 0.034375 0.25
3 0.67890625 0.5859375 0.0796875 0.2765625
3 0.26953125 0.65546875 0.0984375 0.3015625