0 0.9375 0.59765625 0.096875 0.090625
0 0.83828125 0.60859375 0.11875 0.08125
0 0.73984375 0.6140625 0.1140625 0.0734375
0 0.52109375 0.61171875 0.1296875 0.0765625
0 0.6328125 0.61875 0.1125 0.075
0 0.41875 0.6171875 0.1078125 0.0671875
0 0.33125 0.615625 0.1046875 0.05625
0 0.23984375 0.6234375 0.0953125 0.0578125
0 0.1625 0.63828125 0.096875 0.0671875
0 0.06015625 0.64140625 0.1203125 0.0453125
3 0.80625 0.68515625 0.0234375 0.05625
3 0.76171875 0.684375 0.015625 0.0484375
3 0.82890625 0.68984375 0.0125 0.05
3 0.9125 0.69375 0.015625 0.065625
3 0.934375 0.69375 0.0171875 0.071875
3 0.74765625 0.69140625 0.0109375 0.053125
3 0.54765625 0.68515625 0.015625 0.05
3 0.846875 0.6953125 0.0125 0.0609375
3 0.4484375 0.68515625 0.0125 0.0609375
3 0.7765625 0.69765625 0.0109375 0.0546875
3 0.87265625 0.70078125 0.0171875 0.0828125
3 0.46640625 0.69296875 0.0140625 0.05625
3 0.60625 0.69765625 0.0125 0.059375
3 0.32734375 0.6890625 0.0125 0.04375
3 0.40859375 0.690625 0.0125 0.04375
3 0.33828125 0.69140625 0.0078125 0.0359375
3 0.30234375 0.690625 0.0140625 0.034375
3 0.68046875 0.70390625 0.0109375 0.0515625
3 0.35859375 0.69375 0.0140625 0.046875
3 0.23203125 0.6921875 0.009375 0.04375
3 0.24765625 0.69375 0.0109375 0.0421875
3 0.4296875 0.7 0.0125 0.046875
3 0.38046875 0.70078125 0.0109375 0.0484375
3 0.1984375 0.6984375 0.01875 0.040625
3 0.059375 0.69921875 0.0125 0.0359375
3 0.14765625 0.70390625 0.0171875 0.0375