3 0.85 0.9140625 0.153125 0.16875
3 0.6140625 0.296875 0.03125 0.0671875
3 0.22890625 0.1734375 0.034375 0.065625
3 0.3453125 0.2171875 0.03125 0.0640625
3 0.18671875 0.16484375 0.0203125 0.0421875
3 0.2078125 0.17421875 0.0296875 0.0609375
3 0.65 0.32734375 0.0375 0.08125
3 0.9453125 0.434375 0.0359375 0.0609375
3 0.98671875 0.4546875 0.0234375 0.0609375
3 0.671875 0.346875 0.040625 0.0890625
3 0.4921875 0.28984375 0.0375 0.0828125
3 0.1546875 0.178125 0.0375 0.0671875
3 0.321875 0.2375 0.0375 0.084375
3 0.70546875 0.3703125 0.05 0.0921875
3 0.11953125 0.18515625 0.0484375 0.0921875
3 0.49921875 0.31640625 0.0453125 0.10625
3 0.30703125 0.25234375 0.0390625 0.096875
3 0.740625 0.4046875 0.0515625 0.10625
3 0.28984375 0.2640625 0.05 0.115625
3 0.5078125 0.33984375 0.046875 0.115625
3 0.95 0.49453125 0.0390625 0.0609375
3 0.26640625 0.278125 0.0578125 0.1265625
3 0.5234375 0.37890625 0.0546875 0.13125
3 0.87265625 0.50078125 0.0609375 0.1328125
3 0.22421875 0.29609375 0.065625 0.15
3 0.1828125 0.3109375 0.078125 0.15625
3 0.9734375 0.5984375 0.05 0.1828125
3 0.57578125 0.4890625 0.0765625 0.1890625
3 0.09453125 0.36015625 0.1109375 0.228125
3 0.64375 0.60859375 0.115625 0.2609375