3 0.80703125 0.53203125 0.05 0.1359375
3 0.85859375 0.540625 0.065625 0.1671875
3 0.71796875 0.5421875 0.0453125 0.11875
3 0.68125 0.53984375 0.0578125 0.1546875
3 0.62109375 0.5421875 0.05 0.1046875
3 0.9125 0.5703125 0.0828125 0.2078125
3 0.3109375 0.57890625 0.0546875 0.1484375
3 0.36171875 0.58515625 0.053125 0.1203125
3 0.60390625 0.60703125 0.1421875 0.3375
3 0.146875 0.60078125 0.0640625 0.15625
3 0.1703125 0.61953125 0.071875 0.20625
3 0.240625 0.63515625 0.125 0.346875
3 0.428125 0.72734375 0.25625 0.4953125