3 0.02265625 0.55234375 0.034375 0.0828125
3 0.1171875 0.59765625 0.0390625 0.08125
3 0.203125 0.6296875 0.04375 0.08125
3 0.415625 0.6953125 0.04375 0.0828125
3 0.0796875 0.60859375 0.04375 0.0859375
3 0.25703125 0.6640625 0.046875 0.10625
3 0.353125 0.6921875 0.0484375 0.1
3 0.82890625 0.83046875 0.0375 0.08125
3 0.053125 0.60703125 0.0484375 0.103125
3 0.5640625 0.76484375 0.0609375 0.1265625
3 0.03515625 0.6125 0.0578125 0.153125
3 0.271875 0.6828125 0.0671875 0.125
3 0.496875 0.75078125 0.059375 0.1359375
3 0.8671875 0.8625 0.0421875 0.0890625
3 0.15 0.6578125 0.071875 0.1453125
3 0.66953125 0.81171875 0.0546875 0.1171875
3 0.7921875 0.85703125 0.053125 0.1140625
3 0.28828125 0.7125 0.0609375 0.1390625
3 0.61640625 0.8078125 0.0578125 0.128125
3 0.88125 0.91015625 0.0640625 0.1390625
3 0.43359375 0.78203125 0.0765625 0.178125
3 0.57578125 0.82890625 0.0703125 0.175
3 0.73671875 0.87578125 0.075 0.1671875