3 0.92109375 0.6375 0.0328125 0.08125
3 0.8328125 0.66015625 0.0375 0.08125
3 0.6171875 0.703125 0.0375 0.0828125
3 0.95859375 0.653125 0.0375 0.0859375
3 0.778125 0.6890625 0.0390625 0.10625
3 0.68046875 0.70703125 0.0421875 0.1
3 0.196875 0.79375 0.03125 0.08125
3 0.98125 0.65390625 0.034375 0.1046875
3 0.465625 0.75703125 0.053125 0.125
3 0.9890625 0.6625 0.01875 0.15625
3 0.7625 0.70625 0.0609375 0.125
3 0.5328125 0.75 0.0515625 0.134375
3 0.15625 0.821875 0.034375 0.090625
3 0.8859375 0.69375 0.0640625 0.1453125
3 0.35625 0.7921875 0.046875 0.1171875
3 0.23125 0.82421875 0.0453125 0.1140625
3 0.74375 0.73359375 0.0515625 0.1390625
3 0.4109375 0.79453125 0.0484375 0.128125
3 0.13984375 0.86796875 0.05625 0.140625
3 0.5953125 0.7875 0.065625 0.1796875
3 0.45 0.81953125 0.059375 0.178125
3 0.2859375 0.8484375 0.0640625 0.16875