3 0.4703125 0.49140625 0.1640625 0.2734375
3 0.4984375 0.621875 0.1609375 0.3046875
3 0.6390625 0.7890625 0.2109375 0.38125
3 0.75078125 0.25625 0.0359375 0.05625
3 0.88203125 0.3171875 0.0609375 0.08125
3 0.57578125 0.23359375 0.040625 0.0625
3 0.5953125 0.2453125 0.0421875 0.0703125
3 0.903125 0.340625 0.0484375 0.0796875
3 0.6109375 0.26015625 0.05625 0.0875
3 0.95703125 0.36328125 0.059375 0.0890625
3 0.6265625 0.2734375 0.05 0.0859375
3 0.64921875 0.28671875 0.059375 0.1
3 0.9828125 0.3875 0.03125 0.103125
3 0.68125 0.3015625 0.0609375 0.1015625
3 0.7109375 0.3234375 0.065625 0.1078125
3 0.73984375 0.34375 0.071875 0.109375
3 0.78671875 0.37890625 0.0671875 0.1203125
3 0.8359375 0.4015625 0.078125 0.140625
3 0.3765625 0.28671875 0.071875 0.140625
3 0.9015625 0.4390625 0.1203125 0.175
3 0.96796875 0.47734375 0.0609375 0.1671875
3 0.41015625 0.36796875 0.1078125 0.1921875
3 0.434375 0.41484375 0.128125 0.2171875