0 0.05 0.65546875 0.1 0.109375
0 0.14296875 0.6453125 0.1328125 0.1046875
0 0.240625 0.63046875 0.1265625 0.0953125
0 0.45859375 0.584375 0.140625 0.1015625
0 0.3484375 0.61484375 0.125 0.096875
0 0.5609375 0.56796875 0.11875 0.0875
0 0.6484375 0.54921875 0.1125 0.075
0 0.7390625 0.5390625 0.103125 0.075
0 0.81796875 0.5375 0.1078125 0.0859375
0 0.91640625 0.51953125 0.121875 0.0734375
3 0.1828125 0.7140625 0.034375 0.059375
3 0.22734375 0.70546875 0.0234375 0.0515625
3 0.1609375 0.7234375 0.0203125 0.053125
3 0.07890625 0.74296875 0.028125 0.06875
3 0.05703125 0.74921875 0.03125 0.0734375
3 0.2421875 0.70859375 0.0203125 0.0546875
3 0.43984375 0.66171875 0.0234375 0.053125
3 0.14375 0.7328125 0.025 0.0640625
3 0.5390625 0.6421875 0.025 0.0625
3 0.2140625 0.71953125 0.01875 0.05625
3 0.11953125 0.7421875 0.0328125 0.0859375
3 0.52265625 0.65234375 0.0234375 0.0578125
3 0.38359375 0.68515625 0.0234375 0.0609375
3 0.66015625 0.6203125 0.0203125 0.0453125
3 0.5796875 0.63984375 0.0203125 0.0453125
3 0.64921875 0.62578125 0.0140625 0.0359375
3 0.68515625 0.61796875 0.0203125 0.0375
3 0.31015625 0.70703125 0.01875 0.053125
3 0.62890625 0.6328125 0.021875 0.05
3 0.75546875 0.6046875 0.0171875 0.04375
3 0.7390625 0.609375 0.01875 0.04375
3 0.559375 0.65234375 0.0203125 0.05
3 0.6078125 0.64296875 0.01875 0.05
3 0.7890625 0.603125 0.0265625 0.04375
3 0.92734375 0.57578125 0.01875 0.0390625
3 0.83984375 0.5984375 0.0234375 0.040625