3 0.66328125 0.14375 0.0390625 0.103125
3 0.3171875 0.18515625 0.0453125 0.1328125
3 0.48515625 0.18359375 0.071875 0.1296875
3 0.23984375 0.2375 0.0640625 0.14375
3 0.7953125 0.1953125 0.0515625 0.1578125
3 0.409375 0.23359375 0.065625 0.1375
3 0.6234375 0.2171875 0.0640625 0.1515625
3 0.04609375 0.27109375 0.0484375 0.1015625
3 0.56875 0.2609375 0.0953125 0.184375
3 0.09453125 0.30234375 0.065625 0.1546875
3 0.3625 0.2859375 0.0609375 0.1625
3 0.18828125 0.35625 0.1125 0.20625
3 0.546875 0.365625 0.1 0.209375
3 0.9453125 0.3375 0.0828125 0.2359375
3 0.4578125 0.6359375 0.203125 0.4015625