3 0.6875 0.1765625 0.040625 0.1265625
3 0.96328125 0.19921875 0.0390625 0.1125
3 0.9046875 0.19921875 0.0421875 0.1421875
3 0.346875 0.18203125 0.0421875 0.18125
3 0.91953125 0.2421875 0.05 0.1921875
3 0.8265625 0.2375 0.0546875 0.1984375
3 0.61015625 0.22578125 0.0578125 0.1984375
3 0.39375 0.21953125 0.0453125 0.1875
3 0.18359375 0.21953125 0.0421875 0.184375
3 0.21015625 0.234375 0.04375 0.2015625
3 0.70078125 0.26640625 0.0578125 0.2421875
3 0.5375 0.2703125 0.0640625 0.271875
3 0.23359375 0.26640625 0.05 0.2234375