3 0.61328125 0.9015625 0.115625 0.1515625
3 0.8734375 0.38046875 0.0390625 0.0765625
3 0.96640625 0.40859375 0.03125 0.065625
3 0.76171875 0.36796875 0.0359375 0.06875
3 0.97734375 0.4328125 0.01875 0.1125
3 0.58125 0.35078125 0.04375 0.0765625
3 0.85703125 0.40546875 0.04375 0.0828125
3 0.7125 0.38359375 0.046875 0.0765625
3 0.61640625 0.37421875 0.0328125 0.065625
3 0.4953125 0.35859375 0.040625 0.0625
3 0.409375 0.3484375 0.0515625 0.0859375
3 0.30078125 0.3328125 0.0625 0.0953125
3 0.81953125 0.45390625 0.0671875 0.1359375
3 0.6515625 0.43984375 0.0671875 0.140625
3 0.7609375 0.47734375 0.0625 0.1015625
3 0.48046875 0.43671875 0.0640625 0.109375
3 0.2875 0.409375 0.04375 0.071875
3 0.5578125 0.50078125 0.090625 0.215625
3 0.7515625 0.56484375 0.0484375 0.09375
3 0.32265625 0.51640625 0.05625 0.0859375
3 0.37109375 0.60859375 0.1328125 0.25
3 0.68671875 0.6796875 0.1640625 0.3109375