3 0.3578125 0.1203125 0.046875 0.103125
3 0.69453125 0.1875 0.05625 0.134375
3 0.52734375 0.1734375 0.08125 0.134375
3 0.7625 0.2453125 0.0765625 0.146875
3 0.21796875 0.1609375 0.0640625 0.1609375
3 0.5953125 0.228125 0.0765625 0.1421875
3 0.38515625 0.19609375 0.0765625 0.15625
3 0.9484375 0.29453125 0.05625 0.1046875
3 0.43203125 0.24375 0.1109375 0.190625
3 0.89453125 0.32109375 0.078125 0.159375
3 0.63203125 0.284375 0.075 0.165625
3 0.79296875 0.3671875 0.1296875 0.2140625
3 0.4359375 0.35 0.1171875 0.2140625
3 0.04765625 0.2921875 0.0953125 0.240625
3 0.47890625 0.62578125 0.2375 0.4109375