0 0.14375 0.3390625 0.2875 0.575
0 0.87109375 0.28046875 0.1609375 0.271875
0 0.32734375 0.378125 0.2125 0.3390625
0 0.7734375 0.33515625 0.2546875 0.196875
0 0.41796875 0.41015625 0.109375 0.171875
0 0.6640625 0.3875 0.1890625 0.11875
0 0.5359375 0.4265625 0.103125 0.059375
3 0.584375 0.48828125 0.01875 0.05625
3 0.78828125 0.48203125 0.03125 0.084375
3 0.6078125 0.5078125 0.0234375 0.0859375
3 0.83828125 0.48671875 0.0359375 0.0953125
3 0.65859375 0.509375 0.0296875 0.0890625
3 0.73828125 0.5359375 0.053125 0.1421875
3 0.9046875 0.5375 0.071875 0.203125