3 0.79375 0.2578125 0.0546875 0.1046875
3 0.46171875 0.15390625 0.0671875 0.134375
3 0.61640625 0.22109375 0.09375 0.1390625
3 0.371875 0.16953125 0.0890625 0.15
3 0.8984375 0.36015625 0.0796875 0.159375
3 0.528125 0.2359375 0.0890625 0.1453125
3 0.73203125 0.30859375 0.0890625 0.1578125
3 0.18125 0.121875 0.0640625 0.10625
3 0.665625 0.32734375 0.1265625 0.1953125
3 0.21484375 0.1703125 0.0921875 0.1609375
3 0.4671875 0.26484375 0.090625 0.1671875
3 0.28125 0.25859375 0.146875 0.221875
3 0.6078125 0.415625 0.134375 0.21875
3 0.959375 0.55390625 0.0734375 0.240625
3 0.42890625 0.62890625 0.2703125 0.4234375