3 0.54140625 0.43671875 0.0703125 0.125
3 0.35 0.53046875 0.2078125 0.41875
3 0.47265625 0.10390625 0.0359375 0.0484375
3 0.44765625 0.10703125 0.028125 0.040625
3 0.43046875 0.10546875 0.0296875 0.0515625
3 0.41015625 0.1046875 0.0296875 0.0453125
3 0.37734375 0.0984375 0.034375 0.053125
3 0.328125 0.0875 0.0375 0.0515625
3 0.15078125 0.04140625 0.0640625 0.0796875
3 0.265625 0.078125 0.0453125 0.0625
3 0.18671875 0.06796875 0.0484375 0.0703125
3 0.93984375 0.3203125 0.040625 0.0609375
3 0.9828125 0.3671875 0.03125 0.09375
3 0.63203125 0.28828125 0.0734375 0.1234375