3 0.80546875 0.73984375 0.0890625 0.1390625
3 0.22109375 0.70625 0.0875 0.1734375
3 0.8734375 0.884375 0.128125 0.1859375
0 0.82890625 0.296875 0.3390625 0.453125
0 0.7515625 0.3109375 0.3109375 0.265625
0 0.8796875 0.3609375 0.2375 0.528125
0 0.2140625 0.27265625 0.428125 0.5453125
0 0.48359375 0.315625 0.2296875 0.165625
0 0.3578125 0.2953125 0.3390625 0.4328125
3 0.67109375 0.4640625 0.028125 0.0515625
3 0.50078125 0.44296875 0.05 0.075
3 0.69296875 0.5015625 0.028125 0.0515625
3 0.70546875 0.53125 0.0375 0.05625
3 0.4625 0.49453125 0.03125 0.065625
3 0.42734375 0.53125 0.0359375 0.065625
3 0.3921875 0.54296875 0.0375 0.065625
3 0.759375 0.634375 0.0578125 0.1015625