3 0.4859375 0.771875 0.2109375 0.3703125
3 0.2421875 0.18515625 0.0421875 0.06875
3 0.21328125 0.2078125 0.0390625 0.065625
3 0.4765625 0.1609375 0.040625 0.0765625
3 0.6171875 0.13515625 0.046875 0.06875
3 0.73671875 0.12890625 0.04375 0.0734375
3 0.5015625 0.190625 0.0875 0.0953125
3 0.37734375 0.2140625 0.046875 0.08125
3 0.18515625 0.25234375 0.065625 0.1125
3 0.815625 0.18125 0.0859375 0.1421875
3 0.1515625 0.30859375 0.0796875 0.1109375
3 0.60390625 0.23671875 0.1015625 0.1375
3 0.403125 0.34453125 0.10625 0.203125
3 0.76328125 0.30390625 0.1140625 0.2015625
3 0.05234375 0.45625 0.1046875 0.21875