3 0.59375 0.490625 0.15 0.278125
3 0.521875 0.60078125 0.1453125 0.3125
3 0.334375 0.7 0.1890625 0.3890625
3 0.41796875 0.1546875 0.0328125 0.05625
3 0.27578125 0.15703125 0.0578125 0.0828125
3 0.5859375 0.20625 0.0359375 0.0640625
3 0.56484375 0.20859375 0.0375 0.071875
3 0.2484375 0.17109375 0.0453125 0.08125
3 0.5453125 0.21640625 0.0515625 0.090625
3 0.19140625 0.17109375 0.0546875 0.090625
3 0.5265625 0.22265625 0.04375 0.0875
3 0.50078125 0.22578125 0.053125 0.103125
3 0.14296875 0.17421875 0.059375 0.103125
3 0.46640625 0.2265625 0.0578125 0.1046875
3 0.0921875 0.18125 0.0578125 0.090625
3 0.43125 0.234375 0.0609375 0.109375
3 0.39921875 0.24140625 0.0671875 0.1109375
3 0.3421875 0.25546875 0.059375 0.1234375
3 0.2890625 0.25625 0.06875 0.14375
3 0.75078125 0.33828125 0.0625 0.1453125
3 0.215625 0.2640625 0.1109375 0.1796875
3 0.121875 0.2625 0.09375 0.16875
3 0.69140625 0.4 0.096875 0.196875
3 0.653125 0.434375 0.115625 0.221875