3 0.22109375 0.8671875 0.096875 0.25
3 0.9703125 0.29140625 0.0390625 0.1046875
3 0.50859375 0.34609375 0.0234375 0.0734375
3 0.33359375 0.3703125 0.028125 0.0734375
3 0.8328125 0.325 0.0484375 0.1328125
3 0.28046875 0.38203125 0.028125 0.0875
3 0.48984375 0.36328125 0.028125 0.06875
3 0.209375 0.39296875 0.0359375 0.103125
3 0.465625 0.36875 0.0359375 0.1015625
3 0.925 0.35546875 0.0640625 0.1765625
3 0.71953125 0.42734375 0.078125 0.23125
3 0.0640625 0.553125 0.0671875 0.246875
3 0.39375 0.56015625 0.078125 0.2765625
3 0.8171875 0.571875 0.0953125 0.2984375