0 0.3296875 0.28203125 0.659375 0.5640625
0 0.61875 0.240625 0.35 0.384375
0 0.76953125 0.321875 0.221875 0.2078125
0 0.9578125 0.30625 0.08125 0.134375
0 0.93125 0.34296875 0.0734375 0.0796875
3 0.97734375 0.403125 0.0296875 0.0609375
3 0.9953125 0.40546875 0.00625 0.0703125
3 0.82734375 0.45390625 0.0265625 0.0515625
3 0.79375 0.47578125 0.03125 0.075
3 0.78515625 0.5015625 0.04375 0.1046875
3 0.76484375 0.5171875 0.05 0.1234375
3 0.72734375 0.53828125 0.0828125 0.184375
3 0.37421875 0.6609375 0.0515625 0.1171875
3 0.690625 0.61484375 0.0953125 0.2390625
3 0.58359375 0.6796875 0.1296875 0.3359375
3 0.30703125 0.821875 0.171875 0.3421875