3 0.3390625 0.215625 0.03125 0.1234375
3 0.06171875 0.2234375 0.0296875 0.109375
3 0.1203125 0.2265625 0.0296875 0.1390625
3 0.6796875 0.23984375 0.0265625 0.178125
3 0.1015625 0.26875 0.03125 0.1890625
3 0.1953125 0.26875 0.0359375 0.1953125
3 0.4125 0.26796875 0.040625 0.196875
3 0.62890625 0.27421875 0.0296875 0.1828125
3 0.83984375 0.284375 0.0265625 0.18125
3 0.8109375 0.2984375 0.025 0.1984375
3 0.31875 0.3046875 0.0375 0.2390625
3 0.48125 0.315625 0.0390625 0.2703125
3 0.78515625 0.3296875 0.0296875 0.2203125