3 0.146875 0.8328125 0.0578125 0.1296875
3 0.18125 0.8640625 0.0609375 0.14375
0 0.140625 0.56953125 0.28125 0.16875
0 0.57890625 0.4984375 0.2578125 0.14375
0 0.3671875 0.53515625 0.240625 0.1421875
0 0.825 0.4671875 0.3015625 0.1578125
0 0.621875 0.55546875 0.25 0.1296875
0 0.421875 0.59296875 0.18125 0.109375
0 0.2546875 0.6328125 0.2015625 0.1515625
0 0.09921875 0.67578125 0.1984375 0.1671875
3 0.796875 0.59453125 0.0359375 0.078125
3 0.74375 0.61171875 0.0421875 0.0734375
3 0.6734375 0.646875 0.040625 0.0890625
3 0.04296875 0.76875 0.04375 0.0875
3 0.59375 0.684375 0.053125 0.10625
3 0.21953125 0.7484375 0.04375 0.0953125
3 0.06328125 0.7828125 0.0421875 0.0953125
3 0.2984375 0.7734375 0.0515625 0.125
3 0.0984375 0.80546875 0.0453125 0.1109375
3 0.35078125 0.79375 0.053125 0.1234375