3 0.92890625 0.84375 0.0796875 0.309375
3 0.53828125 0.253125 0.0171875 0.0640625
3 0.13671875 0.253125 0.021875 0.0609375
3 0.25859375 0.259375 0.0171875 0.0609375
3 0.09453125 0.2578125 0.0109375 0.0421875
3 0.11640625 0.2609375 0.01875 0.0578125
3 0.5796875 0.27109375 0.01875 0.0796875
3 0.8890625 0.2828125 0.0234375 0.05625
3 0.9375 0.2875 0.01875 0.05625
3 0.6046875 0.28359375 0.0203125 0.0859375
3 0.41796875 0.28359375 0.01875 0.08125
3 0.06640625 0.28046875 0.025 0.0625
3 0.2421875 0.2859375 0.01875 0.0828125
3 0.64375 0.29453125 0.03125 0.0859375
3 0.03359375 0.2984375 0.028125 0.0875
3 0.43125 0.3078125 0.021875 0.1046875
3 0.23046875 0.3046875 0.0171875 0.0953125
3 0.684375 0.3171875 0.0296875 0.103125
3 0.2171875 0.32109375 0.025 0.1140625
3 0.4453125 0.3265625 0.0203125 0.115625
3 0.90859375 0.3390625 0.0265625 0.0546875
3 0.196875 0.3421875 0.028125 0.125
3 0.46953125 0.36015625 0.025 0.1296875
3 0.83515625 0.36875 0.03125 0.13125
3 0.16171875 0.37265625 0.0328125 0.1484375
3 0.125 0.4 0.0453125 0.1484375
3 0.9671875 0.4265625 0.0359375 0.18125
3 0.54609375 0.4484375 0.034375 0.1890625
3 0.05078125 0.47421875 0.0609375 0.221875
3 0.63984375 0.54296875 0.059375 0.2546875