3 0.53125 0.43203125 0.053125 0.1203125
3 0.40234375 0.59375 0.1453125 0.41875
3 0.33125 0.1421875 0.03125 0.0453125
3 0.3109375 0.1546875 0.0234375 0.0390625
3 0.29453125 0.159375 0.0234375 0.0515625
3 0.2765625 0.1671875 0.0234375 0.0421875
3 0.24453125 0.1734375 0.028125 0.0515625
3 0.196875 0.18125 0.0328125 0.0484375
3 0.02734375 0.1953125 0.028125 0.09375
3 0.1375 0.19609375 0.0359375 0.059375
3 0.06328125 0.21484375 0.0390625 0.0640625
3 0.83671875 0.171875 0.03125 0.059375
3 0.903125 0.196875 0.034375 0.0875
3 0.9546875 0.21484375 0.0484375 0.0796875
3 0.9765625 0.22109375 0.04375 0.1046875
3 0.55078125 0.2578125 0.0578125 0.1203125