3 0.496875 0.440625 0.0328125 0.1203125
3 0.33671875 0.5859375 0.0796875 0.415625
3 0.35 0.13515625 0.0234375 0.0453125
3 0.32734375 0.14453125 0.015625 0.0375
3 0.3109375 0.14765625 0.015625 0.05
3 0.29140625 0.153125 0.0171875 0.040625
3 0.2578125 0.15625 0.01875 0.05
3 0.20859375 0.15859375 0.025 0.0484375
3 0.025 0.153125 0.0359375 0.0921875
3 0.146875 0.1671875 0.0265625 0.059375
3 0.06875 0.178125 0.028125 0.0640625
3 0.84921875 0.2171875 0.021875 0.0578125
3 0.91171875 0.2484375 0.0203125 0.0875
3 0.959375 0.27109375 0.0375 0.078125
3 0.98203125 0.28046875 0.0296875 0.1015625
3 0.54765625 0.27109375 0.0390625 0.1171875