3 0.09921875 0.68671875 0.1984375 0.36875
3 0.521875 0.47734375 0.05 0.059375
3 0.48671875 0.4671875 0.05 0.05625
3 0.34921875 0.4234375 0.059375 0.08125
3 0.45 0.45859375 0.0484375 0.0609375
3 0.4265625 0.45078125 0.053125 0.0671875
3 0.31640625 0.4140625 0.046875 0.065625
3 0.253125 0.40703125 0.0734375 0.0953125
3 0.1828125 0.3953125 0.071875 0.103125
3 0.7046875 0.584375 0.071875 0.0984375
3 0.0859375 0.3765625 0.10625 0.1234375
3 0.66328125 0.59609375 0.0875 0.125
3 0.5203125 0.634375 0.1484375 0.1984375
3 0.38125 0.6421875 0.1890625 0.2765625