0 0.1984375 0.29140625 0.390625 0.5796875
0 0.89921875 0.50234375 0.1734375 0.29375
0 0.37421875 0.38515625 0.2546875 0.36875
0 0.80390625 0.51796875 0.275 0.240625
0 0.45234375 0.453125 0.1328125 0.1875
0 0.6890625 0.525 0.2 0.153125
0 0.55859375 0.51484375 0.109375 0.078125
3 0.58828125 0.59296875 0.0265625 0.059375
3 0.78203125 0.665625 0.040625 0.0875
3 0.60546875 0.6203125 0.034375 0.0859375
3 0.82734375 0.6890625 0.0484375 0.0984375
3 0.653125 0.64140625 0.0421875 0.090625
3 0.72109375 0.6984375 0.0734375 0.1484375
3 0.8765625 0.7640625 0.0984375 0.209375