3 0.78203125 0.23203125 0.053125 0.1046875
3 0.4359375 0.1609375 0.065625 0.1359375
3 0.60078125 0.2125 0.0921875 0.1375
3 0.35078125 0.1859375 0.084375 0.15
3 0.90234375 0.32265625 0.075 0.1609375
3 0.5171875 0.2359375 0.0859375 0.14375
3 0.73046875 0.2890625 0.0875 0.1578125
3 0.15546875 0.15625 0.0625 0.10625
3 0.66875 0.3140625 0.121875 0.19375
3 0.196875 0.2015625 0.0890625 0.1609375
3 0.4625 0.271875 0.0859375 0.1671875
3 0.27890625 0.28359375 0.1421875 0.21875
3 0.62890625 0.4078125 0.1296875 0.21875
3 0.98125 0.50703125 0.034375 0.2453125
3 0.4921875 0.63828125 0.2625 0.41875