3 0.29296875 0.60546875 0.0203125 0.0546875
3 0.8734375 0.5109375 0.0359375 0.0875
3 0.94765625 0.50078125 0.0390625 0.1046875
3 0.31171875 0.6171875 0.028125 0.0765625
3 0.35546875 0.6203125 0.034375 0.0875
3 0.3328125 0.6265625 0.0453125 0.096875
3 0.82265625 0.54765625 0.0609375 0.128125
3 0.959375 0.5328125 0.0234375 0.1421875
3 0.13203125 0.68359375 0.034375 0.0828125
3 0.384375 0.65234375 0.0546875 0.134375
3 0.11171875 0.73203125 0.046875 0.109375
3 0.4796875 0.67734375 0.071875 0.184375
3 0.4546875 0.68359375 0.0609375 0.1734375
3 0.65625 0.765625 0.1234375 0.3015625
3 0.0546875 0.859375 0.10625 0.2765625