3 0.096875 0.75234375 0.021875 0.040625
3 0.13359375 0.75546875 0.03125 0.0640625
3 0.17734375 0.75859375 0.03125 0.0734375
3 0.20546875 0.7640625 0.04375 0.0859375
3 0.71328125 0.665625 0.059375 0.184375
3 0.23984375 0.76484375 0.021875 0.0859375
3 0.28046875 0.7734375 0.0375 0.1046875
3 0.3421875 0.78203125 0.040625 0.1375
3 0.41953125 0.79375 0.04375 0.1421875
0 0.71875 0.39140625 0.209375 0.221875
0 0.34296875 0.496875 0.1765625 0.2546875
0 0.9203125 0.39609375 0.146875 0.1671875
0 0.57109375 0.49765625 0.234375 0.2
0 0.21796875 0.57265625 0.18125 0.2328125
0 0.09921875 0.62265625 0.1375 0.1625