2 0.6296875 0.4484375 0.1453125 0.1203125
0 0.02734375 0.603125 0.028125 0.025
0 0.88515625 0.45703125 0.0421875 0.0234375
0 0.8234375 0.46875 0.06875 0.03125
0 0.303125 0.56484375 0.0859375 0.053125
0 0.146875 0.59296875 0.06875 0.0578125
0 0.4984375 0.53515625 0.103125 0.046875
0 0.39921875 0.553125 0.090625 0.053125
0 0.08203125 0.6109375 0.05 0.0578125
3 0.7625 0.5203125 0.0234375 0.0546875
3 0.63984375 0.559375 0.03125 0.0625
3 0.59765625 0.57109375 0.03125 0.075
3 0.54609375 0.58984375 0.028125 0.0765625
3 0.48203125 0.6078125 0.05 0.1
3 0.4140625 0.63125 0.040625 0.0984375
3 0.325 0.6609375 0.04375 0.1109375
3 0.11875 0.70234375 0.040625 0.0984375
3 0.21171875 0.696875 0.0390625 0.0984375
3 0.071875 0.74921875 0.0421875 0.1109375