2 0.60546875 0.521875 0.1609375 0.13125
0 0.009375 0.37734375 0.01875 0.028125
0 0.82265625 0.646875 0.0453125 0.028125
0 0.7625 0.6296875 0.071875 0.0375
0 0.2625 0.47265625 0.0921875 0.0609375
0 0.11171875 0.42421875 0.0765625 0.0609375
0 0.446875 0.5375 0.109375 0.05625
0 0.3515625 0.50625 0.096875 0.0625
0 0.04765625 0.409375 0.0578125 0.059375
3 0.6828125 0.646875 0.03125 0.0546875
3 0.55625 0.62421875 0.040625 0.0640625
3 0.5140625 0.61484375 0.0421875 0.0765625
3 0.46015625 0.60703125 0.040625 0.078125
3 0.3953125 0.5921875 0.065625 0.1
3 0.32421875 0.5828125 0.05625 0.1
3 0.23125 0.5671875 0.059375 0.1125
3 0.03125 0.50703125 0.05625 0.1
3 0.1140625 0.54609375 0.0546875 0.1