3 0.3828125 0.3578125 0.0546875 0.1140625
3 0.540625 0.315625 0.0578125 0.1265625
3 0.3265625 0.37890625 0.0734375 0.14375
3 0.48046875 0.3421875 0.0734375 0.15625
3 0.6234375 0.31328125 0.071875 0.1484375
3 0.4359375 0.36875 0.08125 0.16875
3 0.603125 0.3296875 0.071875 0.15
3 0.3796875 0.3953125 0.084375 0.1828125
3 0.8921875 0.25859375 0.075 0.1453125
3 0.75078125 0.315625 0.0703125 0.1359375
3 0.74609375 0.35078125 0.0765625 0.1609375
3 0.47890625 0.44296875 0.096875 0.2296875
3 0.73359375 0.38046875 0.1 0.2015625
3 0.71640625 0.425 0.1171875 0.25