0 0.1828125 0.39453125 0.3515625 0.3359375
0 0.8875 0.24296875 0.20625 0.2
0 0.3828125 0.425 0.33125 0.1734375
0 0.58828125 0.38046875 0.2359375 0.1078125
0 0.87421875 0.32109375 0.24375 0.1203125
3 0.88515625 0.41953125 0.06875 0.053125
3 0.428125 0.5578125 0.0640625 0.0828125
3 0.2609375 0.61484375 0.065625 0.128125
3 0.33671875 0.6015625 0.078125 0.1109375
3 0.95625 0.44609375 0.084375 0.1171875
3 0.06640625 0.67578125 0.0703125 0.1484375
3 0.96953125 0.4609375 0.0578125 0.140625
3 0.18828125 0.66171875 0.0953125 0.1671875