3 0.01953125 0.58046875 0.0296875 0.0421875
3 0.05 0.603125 0.0421875 0.0640625
3 0.0875 0.62890625 0.0421875 0.0734375
3 0.11015625 0.64921875 0.05625 0.0890625
3 0.590625 0.83125 0.090625 0.1828125
3 0.1390625 0.66796875 0.0359375 0.084375
3 0.171875 0.696875 0.0546875 0.1046875
3 0.2203125 0.7375 0.0640625 0.1359375
3 0.28203125 0.78984375 0.0671875 0.1421875
0 0.7109375 0.5875 0.234375 0.240625
0 0.33984375 0.48203125 0.2125 0.2671875
0 0.8875 0.7015625 0.1765625 0.18125
0 0.5375 0.6046875 0.25625 0.2234375
0 0.2 0.4828125 0.2140625 0.246875
0 0.07734375 0.46484375 0.1546875 0.1734375