0 0.83515625 0.41875 0.3265625 0.30625
0 0.12109375 0.34453125 0.1953125 0.1828125
0 0.65234375 0.4734375 0.3265625 0.1421875
0 0.44296875 0.45 0.234375 0.084375
0 0.15234375 0.4203125 0.2421875 0.096875
3 0.1625 0.51953125 0.0671875 0.046875
3 0.6375 0.609375 0.059375 0.078125
3 0.81171875 0.6484375 0.05625 0.125
3 0.7359375 0.64375 0.071875 0.10625
3 0.0953125 0.5546875 0.084375 0.109375
3 0.99140625 0.6890625 0.0140625 0.146875
3 0.0765625 0.57109375 0.0734375 0.134375
3 0.89375 0.68828125 0.0828125 0.1625