3 0.68046875 0.4953125 0.0546875 0.084375
3 0.29609375 0.36015625 0.0453125 0.08125
3 0.4125 0.40390625 0.04375 0.0875
3 0.54140625 0.4546875 0.059375 0.103125
3 0.92578125 0.5953125 0.040625 0.0625
3 0.83828125 0.5703125 0.0453125 0.0796875
3 0.43984375 0.42890625 0.0453125 0.0875
3 0.6390625 0.5015625 0.0484375 0.0953125
3 0.303125 0.3828125 0.0515625 0.1015625
3 0.73515625 0.5453125 0.0328125 0.0609375
3 0.91328125 0.61015625 0.03125 0.0546875
3 0.3203125 0.3984375 0.053125 0.109375
3 0.465625 0.45859375 0.059375 0.0984375
3 0.61875 0.51953125 0.053125 0.0828125
3 0.490625 0.47890625 0.065625 0.1015625
3 0.7984375 0.59140625 0.0515625 0.0890625
3 0.67578125 0.55234375 0.059375 0.103125
3 0.47890625 0.36796875 0.0375 0.0578125
3 0.4953125 0.3765625 0.0234375 0.04375
3 0.51015625 0.38984375 0.0328125 0.059375
3 0.3515625 0.33828125 0.0359375 0.06875
3 0.52890625 0.409375 0.03125 0.0546875
3 0.6 0.4421875 0.04375 0.0828125
3 0.3875 0.37109375 0.0390625 0.0734375
3 0.9578125 0.57734375 0.0359375 0.0578125
3 0.55390625 0.43515625 0.04375 0.0828125
3 0.39765625 0.38125 0.034375 0.0640625
3 0.940625 0.57890625 0.0390625 0.0625
3 0.62265625 0.4671875 0.0453125 0.0796875
3 0.86875 0.55625 0.04375 0.071875
3 0.728125 0.51015625 0.034375 0.059375