3 0.10078125 0.8453125 0.0828125 0.30625
3 0.08203125 0.27109375 0.0140625 0.05
3 0.1125 0.27265625 0.01875 0.0484375
3 0.31875 0.271875 0.01875 0.0515625
3 0.14296875 0.28671875 0.0203125 0.0609375
3 0.3953125 0.36328125 0.025 0.0703125
3 0.54296875 0.37890625 0.0265625 0.05625
3 0.2328125 0.40546875 0.034375 0.0890625
3 0.33984375 0.42109375 0.034375 0.0765625
3 0.54609375 0.45546875 0.0140625 0.0828125
3 0.06328125 0.50625 0.0390625 0.1640625
3 0.34140625 0.51953125 0.0234375 0.08125
3 0.21328125 0.5453125 0.0421875 0.16875
3 0.47421875 0.53984375 0.0265625 0.109375
3 0.38515625 0.62578125 0.0421875 0.2375
3 0.6546875 0.6640625 0.059375 0.2703125
3 0.9703125 0.7484375 0.05625 0.3125