3 0.525 0.44375 0.040625 0.1203125
3 0.37890625 0.590625 0.1046875 0.415625
3 0.35234375 0.1390625 0.0265625 0.0453125
3 0.33046875 0.14921875 0.01875 0.0390625
3 0.3140625 0.15234375 0.01875 0.05
3 0.2953125 0.15859375 0.0203125 0.0421875
3 0.26171875 0.1609375 0.0234375 0.0515625
3 0.21328125 0.165625 0.028125 0.0484375
3 0.0296875 0.16171875 0.0421875 0.0921875
3 0.153125 0.1734375 0.03125 0.059375
3 0.0765625 0.1859375 0.0328125 0.0640625
3 0.85703125 0.215625 0.0265625 0.059375
3 0.921875 0.24609375 0.025 0.0890625
3 0.97109375 0.26875 0.0421875 0.078125
3 0.98671875 0.27734375 0.0234375 0.1046875
3 0.5609375 0.27265625 0.0453125 0.1171875