3 0.528125 0.40625 0.059375 0.125
3 0.66015625 0.5796875 0.165625 0.4234375
3 0.7234375 0.1328125 0.0328125 0.0484375
3 0.74453125 0.14609375 0.025 0.0421875
3 0.759375 0.15234375 0.025 0.053125
3 0.77734375 0.1625 0.0265625 0.0453125
3 0.8109375 0.17109375 0.0296875 0.0546875
3 0.85859375 0.18359375 0.034375 0.0515625
3 0.91796875 0.203125 0.0390625 0.0640625
3 0.984375 0.2296875 0.028125 0.071875
3 0.21953125 0.11796875 0.034375 0.0625
3 0.15234375 0.1375 0.0375 0.090625
3 0.1015625 0.15078125 0.053125 0.0828125
3 0.07734375 0.15546875 0.05 0.10625
3 0.50625 0.22890625 0.0625 0.121875