3 0.86796875 0.84375 0.0265625 0.0421875
3 0.83046875 0.84375 0.040625 0.0640625
3 0.7859375 0.84296875 0.040625 0.0734375
3 0.75703125 0.8453125 0.053125 0.0875
3 0.2609375 0.70390625 0.084375 0.1828125
3 0.72265625 0.84375 0.0328125 0.0859375
3 0.68046875 0.84765625 0.05 0.103125
3 0.61796875 0.8515625 0.0578125 0.134375
3 0.5390625 0.85625 0.0640625 0.140625
0 0.29140625 0.43359375 0.2296875 0.23125
0 0.6546875 0.5703125 0.2046875 0.259375
0 0.08828125 0.42109375 0.165625 0.1765625
0 0.42578125 0.55234375 0.2515625 0.2140625
0 0.7703125 0.65625 0.20625 0.240625
0 0.88359375 0.715625 0.1546875 0.1671875