3 0.4125 0.39375 0.04375 0.08125
3 0.796875 0.48046875 0.0359375 0.0796875
3 0.6796875 0.45703125 0.03125 0.0875
3 0.5484375 0.4328125 0.0453125 0.1015625
3 0.1625 0.3515625 0.0328125 0.0609375
3 0.24765625 0.3765625 0.0359375 0.0765625
3 0.646875 0.465625 0.034375 0.0859375
3 0.44609375 0.42265625 0.0359375 0.0921875
3 0.7828125 0.4984375 0.0359375 0.0984375
3 0.34609375 0.409375 0.0265625 0.059375
3 0.16796875 0.37109375 0.025 0.053125
3 0.76171875 0.503125 0.0390625 0.10625
3 0.6125 0.478125 0.0484375 0.0953125
3 0.45703125 0.45 0.0453125 0.078125
3 0.5828125 0.4828125 0.053125 0.0984375
3 0.275 0.41796875 0.040625 0.0859375
3 0.3953125 0.4484375 0.0453125 0.1015625
3 0.63515625 0.3875 0.03125 0.0546875
3 0.61796875 0.3875 0.01875 0.0421875
3 0.59921875 0.390625 0.025 0.0578125
3 0.75859375 0.43046875 0.028125 0.0671875
3 0.57734375 0.39765625 0.025 0.053125
3 0.50234375 0.38984375 0.0328125 0.08125
3 0.7140625 0.440625 0.0296875 0.0734375
3 0.140625 0.3171875 0.028125 0.05625
3 0.5453125 0.40859375 0.034375 0.0796875
3 0.7015625 0.44453125 0.0265625 0.0640625
3 0.15546875 0.328125 0.03125 0.0609375
3 0.4734375 0.39921875 0.0359375 0.0765625
3 0.22578125 0.346875 0.0359375 0.06875
3 0.365625 0.38203125 0.0265625 0.0578125