3 0.2328125 0.86953125 0.1078125 0.2375
3 0.95546875 0.240625 0.04375 0.1078125
3 0.49765625 0.33359375 0.0265625 0.075
3 0.3234375 0.371875 0.03125 0.075
3 0.82109375 0.2859375 0.0546875 0.1359375
3 0.271875 0.38828125 0.03125 0.0875
3 0.48046875 0.353125 0.03125 0.0703125
3 0.20078125 0.40546875 0.040625 0.10625
3 0.45546875 0.359375 0.040625 0.1046875
3 0.9125 0.309375 0.071875 0.1796875
3 0.71171875 0.3984375 0.0875 0.2359375
3 0.06328125 0.57734375 0.0734375 0.2515625
3 0.39140625 0.55703125 0.0875 0.2796875
3 0.8140625 0.53359375 0.1078125 0.303125