3 0.42421875 0.75390625 0.1984375 0.3671875
3 0.74296875 0.203125 0.040625 0.06875
3 0.76953125 0.2296875 0.0375 0.0671875
3 0.5140625 0.15078125 0.0375 0.0765625
3 0.37890625 0.10859375 0.04375 0.0671875
3 0.2625 0.08828125 0.0421875 0.071875
3 0.4859375 0.17734375 0.084375 0.0953125
3 0.60546875 0.21640625 0.04375 0.0796875
3 0.79140625 0.2765625 0.0609375 0.1125
3 0.1765625 0.1296875 0.08125 0.140625
3 0.8171875 0.33671875 0.075 0.109375
3 0.378125 0.2109375 0.096875 0.134375
3 0.56328125 0.3421875 0.1 0.1984375
3 0.21171875 0.25703125 0.1078125 0.2
3 0.9078125 0.496875 0.125 0.215625