0 0.321875 0.26875 0.64375 0.5375
0 0.62265625 0.26015625 0.321875 0.365625
0 0.765625 0.353125 0.2078125 0.1953125
0 0.959375 0.3515625 0.078125 0.128125
0 0.925 0.3859375 0.0671875 0.0765625
3 0.965625 0.44921875 0.025 0.0609375
3 0.990625 0.45390625 0.015625 0.0703125
3 0.81171875 0.48828125 0.021875 0.0515625
3 0.7765625 0.5078125 0.0234375 0.075
3 0.765625 0.5328125 0.0359375 0.103125
3 0.74375 0.546875 0.0390625 0.121875
3 0.70546875 0.56484375 0.06875 0.184375
3 0.3421875 0.6609375 0.040625 0.115625
3 0.66015625 0.63828125 0.0765625 0.2359375
3 0.54921875 0.69453125 0.1015625 0.334375
3 0.259375 0.821875 0.140625 0.3515625