2 0.60625 0.490625 0.1546875 0.1171875
0 0.003125 0.41796875 0.00625 0.025
0 0.834375 0.58984375 0.04375 0.0234375
0 0.77265625 0.57890625 0.0703125 0.0296875
0 0.25859375 0.48203125 0.090625 0.0515625
0 0.10390625 0.45234375 0.0734375 0.05625
0 0.44921875 0.52421875 0.10625 0.0453125
0 0.35078125 0.5046875 0.0953125 0.0515625
0 0.0375 0.44453125 0.0546875 0.05625
3 0.69453125 0.6046875 0.028125 0.0546875
3 0.56640625 0.59765625 0.0359375 0.0625
3 0.52265625 0.59296875 0.0375 0.075
3 0.46796875 0.59140625 0.034375 0.0765625
3 0.4015625 0.58515625 0.0578125 0.0984375
3 0.3296875 0.5828125 0.0484375 0.0984375
3 0.2359375 0.57890625 0.0515625 0.1109375
3 0.03046875 0.5421875 0.0484375 0.0984375
3 0.11796875 0.57109375 0.046875 0.0984375