3 0.83828125 0.89765625 0.0984375 0.1921875
3 0.8671875 0.31328125 0.034375 0.0734375
3 0.96640625 0.31640625 0.025 0.0640625
3 0.75703125 0.32890625 0.0296875 0.065625
3 0.9890625 0.33203125 0.01875 0.1109375
3 0.5796875 0.35625 0.0390625 0.0734375
3 0.86171875 0.340625 0.034375 0.078125
3 0.715625 0.3546875 0.0421875 0.071875
3 0.621875 0.3703125 0.0265625 0.0640625
3 0.50078125 0.38515625 0.0359375 0.0578125
3 0.415625 0.39765625 0.0421875 0.08125
3 0.30625 0.409375 0.0546875 0.090625
3 0.8453125 0.39609375 0.053125 0.1328125
3 0.68125 0.425 0.053125 0.1375
3 0.79921875 0.4328125 0.0546875 0.096875
3 0.51796875 0.46328125 0.0546875 0.103125
3 0.32421875 0.484375 0.0390625 0.06875
3 0.61640625 0.50546875 0.06875 0.2109375
3 0.82578125 0.51875 0.040625 0.090625
3 0.4 0.578125 0.0484375 0.0796875
3 0.4828125 0.65390625 0.1078125 0.240625
3 0.809375 0.64375 0.1359375 0.3