3 0.67265625 0.5328125 0.0109375 0.0546875
3 0.08984375 0.58671875 0.021875 0.0875
3 0.015625 0.5953125 0.0203125 0.10625
3 0.65546875 0.54921875 0.0125 0.0765625
3 0.6125 0.56328125 0.0203125 0.0875
3 0.63515625 0.5640625 0.028125 0.0953125
3 0.14453125 0.61015625 0.0375 0.1265625
3 0.003125 0.63203125 0.00625 0.140625
3 0.83984375 0.56796875 0.0203125 0.084375
3 0.58671875 0.60234375 0.028125 0.134375
3 0.8640625 0.6109375 0.0265625 0.109375
3 0.49609375 0.6515625 0.0375 0.1828125
3 0.52109375 0.65078125 0.0296875 0.175
3 0.33125 0.78203125 0.0703125 0.3
3 0.93671875 0.73671875 0.0515625 0.3078125