3 0.0265625 0.75 0.053125 0.334375
3 0.13125 0.16953125 0.025 0.053125
3 0.16015625 0.17578125 0.028125 0.0515625
3 0.359375 0.20234375 0.0296875 0.0546875
3 0.1859375 0.19375 0.034375 0.065625
3 0.40546875 0.30234375 0.040625 0.075
3 0.54375 0.3390625 0.0375 0.0609375
3 0.2375 0.32421875 0.053125 0.0953125
3 0.3359375 0.353125 0.05 0.0828125
3 0.52421875 0.41484375 0.03125 0.084375
3 0.04453125 0.40078125 0.0734375 0.1703125
3 0.3078125 0.4515625 0.040625 0.0859375
3 0.17734375 0.459375 0.0765625 0.175
3 0.43046875 0.48984375 0.0515625 0.1140625
3 0.31875 0.5625 0.0921875 0.24375
3 0.56796875 0.63671875 0.115625 0.28125
3 0.85703125 0.7640625 0.140625 0.321875