3 0.821875 0.82265625 0.046875 0.128125
3 0.7875 0.8515625 0.0484375 0.1421875
0 0.84296875 0.56015625 0.3 0.140625
0 0.39296875 0.47109375 0.2515625 0.1203125
0 0.6046875 0.515625 0.234375 0.1203125
0 0.14765625 0.42890625 0.2953125 0.128125
0 0.34921875 0.52578125 0.246875 0.10625
0 0.54921875 0.571875 0.1765625 0.09375
0 0.715625 0.61875 0.1921875 0.134375
0 0.87265625 0.6671875 0.1953125 0.15
3 0.17421875 0.55703125 0.03125 0.0765625
3 0.22734375 0.57734375 0.0375 0.071875
3 0.296875 0.615625 0.0328125 0.0859375
3 0.92578125 0.7625 0.0359375 0.0859375
3 0.3765625 0.65546875 0.0453125 0.1046875
3 0.74921875 0.73515625 0.0359375 0.09375
3 0.90546875 0.77578125 0.034375 0.0921875
3 0.67109375 0.75703125 0.040625 0.1234375
3 0.8703125 0.796875 0.0359375 0.109375
3 0.61875 0.775 0.0421875 0.121875