3 0.565625 0.51953125 0.103125 0.265625
3 0.50078125 0.63359375 0.090625 0.3015625
3 0.32109375 0.7421875 0.125 0.3765625
3 0.36953125 0.19453125 0.0234375 0.053125
3 0.22890625 0.20546875 0.0453125 0.0765625
3 0.53984375 0.2359375 0.025 0.0609375
3 0.51875 0.23984375 0.0265625 0.06875
3 0.2015625 0.2203125 0.03125 0.078125
3 0.5 0.2484375 0.0375 0.084375
3 0.14453125 0.2234375 0.040625 0.0859375
3 0.48125 0.25625 0.0296875 0.084375
3 0.45625 0.26015625 0.0375 0.0984375
3 0.096875 0.2296875 0.04375 0.096875
3 0.421875 0.26328125 0.0390625 0.1
3 0.046875 0.23984375 0.04375 0.0859375
3 0.3875 0.2734375 0.0421875 0.1046875
3 0.35546875 0.28203125 0.0484375 0.1046875
3 0.3 0.2984375 0.0390625 0.11875
3 0.24765625 0.303125 0.0453125 0.1390625
3 0.71171875 0.3578125 0.0375 0.1421875
3 0.175 0.31484375 0.08125 0.1671875
3 0.08203125 0.31953125 0.0671875 0.159375
3 0.65703125 0.4234375 0.0625 0.190625
3 0.62109375 0.46015625 0.0796875 0.2125