3 0.1375 0.89921875 0.15 0.1984375
3 0.38828125 0.29453125 0.0296875 0.0671875
3 0.77578125 0.2109375 0.034375 0.065625
3 0.65859375 0.2421875 0.0296875 0.0640625
3 0.81796875 0.20703125 0.0203125 0.04375
3 0.796875 0.21484375 0.0296875 0.0609375
3 0.3515625 0.32109375 0.0359375 0.08125
3 0.0546875 0.396875 0.034375 0.0609375
3 0.01328125 0.41171875 0.0265625 0.0609375
3 0.3296875 0.33828125 0.0390625 0.0890625
3 0.5109375 0.29921875 0.0359375 0.0828125
3 0.85 0.22265625 0.0375 0.0671875
3 0.68125 0.265625 0.0359375 0.084375
3 0.29453125 0.3578125 0.05 0.09375
3 0.88515625 0.23359375 0.046875 0.09375
3 0.503125 0.3265625 0.04375 0.10625
3 0.69609375 0.28203125 0.0375 0.096875
3 0.259375 0.3890625 0.05 0.1078125
3 0.7125 0.29453125 0.0484375 0.1171875
3 0.49375 0.34765625 0.0453125 0.11875
3 0.0484375 0.45625 0.0375 0.0609375
3 0.73671875 0.31171875 0.0546875 0.128125
3 0.4765625 0.3859375 0.053125 0.1328125
3 0.12578125 0.4703125 0.059375 0.1359375
3 0.778125 0.33359375 0.065625 0.1515625
3 0.81875 0.35390625 0.078125 0.1578125
3 0.02421875 0.55625 0.0484375 0.184375
3 0.42265625 0.48984375 0.075 0.190625
3 0.90546875 0.41171875 0.109375 0.23125
3 0.3515625 0.6015625 0.1140625 0.2625