3 0.33671875 0.53671875 0.01875 0.05625
3 0.91796875 0.5875 0.0328125 0.0890625
3 0.98671875 0.5953125 0.0234375 0.10625
3 0.3515625 0.553125 0.0234375 0.078125
3 0.39453125 0.5671875 0.03125 0.0890625
3 0.371875 0.5671875 0.040625 0.096875
3 0.86171875 0.6109375 0.0546875 0.13125
3 0.99375 0.63203125 0.009375 0.1453125
3 0.165625 0.57265625 0.0296875 0.084375
3 0.4171875 0.60546875 0.046875 0.1359375
3 0.1375 0.61640625 0.040625 0.1109375
3 0.50546875 0.65390625 0.0625 0.1859375
3 0.4796875 0.653125 0.0515625 0.175
3 0.6609375 0.784375 0.1078125 0.3046875
3 0.06796875 0.74140625 0.0671875 0.3109375