0 0.62734375 0.228125 0.7109375 0.45625
0 0.30859375 0.296875 0.315625 0.3859375
0 0.20703125 0.43984375 0.2046875 0.2078125
0 0.03203125 0.51875 0.0640625 0.134375
0 0.0703125 0.5359375 0.065625 0.08125
3 0.0546875 0.61015625 0.0234375 0.0625
3 0.02578125 0.628125 0.0265625 0.06875
3 0.2125 0.5828125 0.0203125 0.053125
3 0.25234375 0.58515625 0.021875 0.0765625
3 0.271875 0.60390625 0.034375 0.10625
3 0.296875 0.60703125 0.0375 0.125
3 0.33984375 0.6078125 0.065625 0.1890625
3 0.71484375 0.54453125 0.0390625 0.11875
3 0.4078125 0.65546875 0.071875 0.240625
3 0.53359375 0.66015625 0.0953125 0.340625
3 0.86015625 0.68125 0.1328125 0.4109375