3 0.74765625 0.90625 0.1671875 0.184375
3 0.93203125 0.4265625 0.0296875 0.053125
3 0.903125 0.41875 0.03125 0.0515625
3 0.70546875 0.35703125 0.034375 0.05625
3 0.86953125 0.4234375 0.0375 0.0640625
3 0.6078125 0.42265625 0.046875 0.0765625
3 0.4609375 0.39453125 0.0421875 0.0609375
3 0.74921875 0.51171875 0.059375 0.0953125
3 0.6421875 0.4953125 0.05625 0.084375
3 0.43515625 0.46796875 0.0375 0.084375
3 0.88125 0.6578125 0.084375 0.1703125
3 0.61328125 0.58984375 0.046875 0.0859375
3 0.7265625 0.65234375 0.0890625 0.175
3 0.48046875 0.57109375 0.0578125 0.1140625
3 0.5390625 0.6796875 0.109375 0.240625
3 0.27109375 0.6375 0.1359375 0.2796875
3 0.00859375 0.6265625 0.0171875 0.315625