3 0.909375 0.7515625 0.025 0.0828125
3 0.8015625 0.765625 0.025 0.0828125
3 0.93515625 0.77109375 0.0328125 0.125
3 0.709375 0.76875 0.0296875 0.08125
3 0.4859375 0.76640625 0.0296875 0.0828125
3 0.834375 0.7875 0.0296875 0.0859375
3 0.64765625 0.7859375 0.028125 0.10625
3 0.546875 0.7828125 0.03125 0.1
3 0.05078125 0.76640625 0.0234375 0.0828125
3 0.86015625 0.79453125 0.03125 0.103125
3 0.32421875 0.7859375 0.040625 0.128125
3 0.8796875 0.80703125 0.0359375 0.1546875
3 0.62734375 0.79921875 0.0484375 0.1234375
3 0.39140625 0.79375 0.0375 0.1359375
3 0.0078125 0.78515625 0.015625 0.090625
3 0.75234375 0.81328125 0.05 0.1453125
3 0.2078125 0.7984375 0.0359375 0.1171875
3 0.0765625 0.803125 0.034375 0.115625
3 0.603125 0.821875 0.0375 0.140625
3 0.26015625 0.81171875 0.0359375 0.1296875
3 0.44375 0.8421875 0.046875 0.18125
3 0.2921875 0.84375 0.040625 0.178125
3 0.1234375 0.83828125 0.046875 0.1703125