3 0.26015625 0.834375 0.2109375 0.328125
3 0.50625 0.44609375 0.0484375 0.059375
3 0.46953125 0.4578125 0.05 0.05625
3 0.3265625 0.503125 0.05625 0.08125
3 0.43359375 0.471875 0.046875 0.0609375
3 0.40859375 0.4796875 0.0515625 0.0671875
3 0.2921875 0.5140625 0.0453125 0.065625
3 0.234375 0.54609375 0.0703125 0.0953125
3 0.16796875 0.5765625 0.06875 0.103125
3 0.7265625 0.4234375 0.0671875 0.0984375
3 0.0734375 0.6171875 0.103125 0.1234375
3 0.69765625 0.45625 0.084375 0.125
3 0.5984375 0.56796875 0.1421875 0.1984375
3 0.48359375 0.65390625 0.18125 0.2765625