3 0.05078125 0.66796875 0.053125 0.128125
3 0.07109375 0.709375 0.05625 0.1421875
0 0.146875 0.41875 0.29375 0.1515625
0 0.58515625 0.52890625 0.2578125 0.1296875
0 0.375 0.48125 0.2390625 0.1296875
0 0.82578125 0.5953125 0.3015625 0.1421875
0 0.6015625 0.596875 0.25 0.115625
0 0.40234375 0.5546875 0.1796875 0.1
0 0.23125 0.52734375 0.1984375 0.140625
0 0.08515625 0.50625 0.1703125 0.159375
3 0.74765625 0.7 0.0328125 0.078125
3 0.6921875 0.69609375 0.0390625 0.071875
3 0.61328125 0.70078125 0.0375 0.0875
3 0.0015625 0.5703125 0.003125 0.0875
3 0.52421875 0.7046875 0.05 0.1046875
3 0.153125 0.61953125 0.040625 0.09375
3 0.00703125 0.58984375 0.0140625 0.09375
3 0.215625 0.67265625 0.046875 0.1234375
3 0.01953125 0.62421875 0.0390625 0.109375
3 0.25546875 0.7109375 0.05 0.121875