3 0.6203125 0.47265625 0.0453125 0.0828125
3 0.24375 0.365625 0.0375 0.08125
3 0.35703125 0.40078125 0.034375 0.0890625
3 0.48359375 0.4421875 0.05 0.103125
3 0.859375 0.5546875 0.0359375 0.0625
3 0.7734375 0.5359375 0.0375 0.078125
3 0.38359375 0.42421875 0.0375 0.0875
3 0.578125 0.48203125 0.0390625 0.09375
3 0.2484375 0.38828125 0.040625 0.1
3 0.67109375 0.51875 0.0296875 0.0609375
3 0.8453125 0.5703125 0.0265625 0.0546875
3 0.26484375 0.403125 0.04375 0.1078125
3 0.40625 0.45234375 0.0515625 0.096875
3 0.55625 0.50234375 0.046875 0.08125
3 0.43046875 0.4703125 0.05625 0.1
3 0.73046875 0.56015625 0.04375 0.0875
3 0.61171875 0.53046875 0.05 0.103125
3 0.42734375 0.36015625 0.0328125 0.05625
3 0.44296875 0.36796875 0.0203125 0.0421875
3 0.45703125 0.38046875 0.0296875 0.059375
3 0.30078125 0.3390625 0.0296875 0.06875
3 0.47421875 0.39765625 0.0265625 0.0546875
3 0.54296875 0.42578125 0.034375 0.0828125
3 0.334375 0.3703125 0.03125 0.0734375
3 0.8921875 0.53515625 0.0296875 0.0578125
3 0.496875 0.421875 0.0375 0.08125
3 0.34375 0.3796875 0.0296875 0.065625
3 0.87578125 0.53828125 0.034375 0.0625
3 0.5640625 0.4484375 0.0375 0.078125
3 0.80546875 0.51953125 0.0375 0.0703125
3 0.66640625 0.48515625 0.0296875 0.059375