3 0.86484375 0.48125 0.0625 0.134375
3 0.9171875 0.471875 0.0828125 0.16875
3 0.7875 0.51796875 0.0578125 0.11875
3 0.75078125 0.5265625 0.0734375 0.1546875
3 0.696875 0.54765625 0.059375 0.10625
3 0.96484375 0.48359375 0.0671875 0.2109375
3 0.42890625 0.678125 0.0703125 0.146875
3 0.4796875 0.66796875 0.065625 0.1203125
3 0.71484375 0.6125 0.175 0.340625
3 0.2875 0.74921875 0.0796875 0.1578125
3 0.31953125 0.75859375 0.09375 0.20625
3 0.39140625 0.75078125 0.1609375 0.346875
3 0.615625 0.76015625 0.303125 0.4765625