0 0.8203125 0.31484375 0.35625 0.2765625
0 0.09375 0.38671875 0.1765625 0.1703125
0 0.6203125 0.4109375 0.3203125 0.115625
0 0.41171875 0.4296875 0.23125 0.0671875
0 0.125 0.45859375 0.2359375 0.0796875
3 0.13984375 0.55546875 0.0640625 0.0421875
3 0.61484375 0.5515625 0.0546875 0.0734375
3 0.790625 0.55625 0.046875 0.121875
3 0.71484375 0.56640625 0.0640625 0.1
3 0.0765625 0.60390625 0.0765625 0.103125
3 0.9828125 0.55859375 0.03125 0.1453125
3 0.06015625 0.62421875 0.0640625 0.1296875
3 0.87265625 0.58046875 0.0734375 0.15625