3 0.44140625 0.3140625 0.0234375 0.1140625
3 0.6109375 0.33515625 0.025 0.128125
3 0.378125 0.3125 0.0359375 0.14375
3 0.5421875 0.33671875 0.0328125 0.1578125
3 0.6921875 0.36328125 0.03125 0.15
3 0.4875 0.34375 0.034375 0.1703125
3 0.665625 0.37109375 0.0296875 0.1515625
3 0.42265625 0.34609375 0.034375 0.184375
3 0.97421875 0.4140625 0.0359375 0.1453125
3 0.81328125 0.41171875 0.0328125 0.1375
3 0.7953125 0.440625 0.0328125 0.1640625
3 0.4984375 0.425 0.034375 0.234375
3 0.771875 0.46328125 0.046875 0.2015625
3 0.73671875 0.496875 0.05 0.2515625