3 0.20625 0.803125 0.0515625 0.1265625
3 0.2421875 0.8328125 0.053125 0.140625
0 0.17578125 0.540625 0.3078125 0.134375
0 0.6234375 0.46171875 0.2546875 0.1140625
0 0.41328125 0.5015625 0.2375 0.115625
0 0.85703125 0.4265625 0.2828125 0.125
0 0.66875 0.5171875 0.25 0.1
0 0.4703125 0.55859375 0.1796875 0.0890625
0 0.30546875 0.6015625 0.196875 0.1296875
0 0.15 0.646875 0.2 0.1453125
3 0.8453125 0.553125 0.0328125 0.0765625
3 0.7921875 0.571875 0.0390625 0.0703125
3 0.72421875 0.60859375 0.0359375 0.0859375
3 0.1 0.740625 0.0390625 0.084375
3 0.64609375 0.646875 0.0484375 0.103125
3 0.27578125 0.7171875 0.0390625 0.0921875
3 0.12109375 0.7546875 0.0375 0.0921875
3 0.3546875 0.74140625 0.0453125 0.121875
3 0.15625 0.7765625 0.0390625 0.1078125
3 0.4078125 0.76015625 0.046875 0.1203125