3 0.41953125 0.1875 0.053125 0.125
3 0.15078125 0.1234375 0.05 0.1125
3 0.20625 0.1421875 0.05625 0.140625
3 0.74375 0.2984375 0.059375 0.178125
3 0.17734375 0.178125 0.0671875 0.1890625
3 0.26796875 0.2015625 0.0734375 0.1953125
3 0.47734375 0.25703125 0.078125 0.196875
3 0.68515625 0.31875 0.0640625 0.184375
3 0.8859375 0.3828125 0.0609375 0.18125
3 0.85390625 0.38984375 0.0640625 0.1984375
3 0.3765625 0.26796875 0.0828125 0.2375
3 0.53125 0.32109375 0.0921875 0.2703125
3 0.82109375 0.4125 0.071875 0.21875