3 0.39140625 0.34375 0.025 0.1140625
3 0.559375 0.3375 0.025 0.128125
3 0.32890625 0.3515625 0.0375 0.1453125
3 0.4921875 0.35078125 0.034375 0.159375
3 0.6421875 0.35390625 0.034375 0.1515625
3 0.440625 0.36640625 0.0375 0.171875
3 0.61796875 0.36484375 0.0328125 0.153125
3 0.378125 0.37890625 0.0375 0.1859375
3 0.92578125 0.3609375 0.0390625 0.146875
3 0.76875 0.38359375 0.0359375 0.1390625
3 0.75625 0.415625 0.0359375 0.165625
3 0.46328125 0.4453125 0.0375 0.2359375
3 0.7359375 0.44140625 0.05 0.2046875
3 0.70625 0.48046875 0.053125 0.2546875