3 0.215625 0.70625 0.1 0.1421875
3 0.80078125 0.596875 0.103125 0.175
3 0.16171875 0.85546875 0.14375 0.19375
0 0.16640625 0.27578125 0.3328125 0.4765625
0 0.2234375 0.2796875 0.3265625 0.2953125
0 0.11953125 0.35 0.2390625 0.54375
0 0.75703125 0.2296875 0.4796875 0.459375
0 0.49453125 0.24921875 0.2375 0.1890625
0 0.61953125 0.22109375 0.3734375 0.4421875
3 0.32109375 0.41875 0.0328125 0.0515625
3 0.49140625 0.3765625 0.05625 0.078125
3 0.303125 0.4578125 0.0328125 0.0515625
3 0.29375 0.48828125 0.0421875 0.059375
3 0.53515625 0.421875 0.0375 0.0671875
3 0.575 0.453125 0.040625 0.0671875
3 0.61171875 0.459375 0.04375 0.0671875
3 0.25 0.59609375 0.0671875 0.103125