3 0.75390625 0.24296875 0.0453125 0.10625
3 0.40625 0.1859375 0.0546875 0.1359375
3 0.5734375 0.23125 0.0796875 0.1375
3 0.32421875 0.2140625 0.0734375 0.1484375
3 0.88046875 0.33046875 0.0625 0.1640625
3 0.4921875 0.259375 0.075 0.14375
3 0.70703125 0.303125 0.0734375 0.1578125
3 0.12890625 0.19375 0.0546875 0.10625
3 0.64921875 0.33125 0.1078125 0.19375
3 0.17421875 0.23671875 0.0765625 0.1609375
3 0.44140625 0.296875 0.0734375 0.1671875
3 0.26171875 0.315625 0.1265625 0.21875
3 0.61796875 0.42734375 0.1140625 0.21875
3 0.98203125 0.51171875 0.0328125 0.2453125
3 0.50390625 0.6640625 0.23125 0.41875