0 0.084375 0.5125 0.1046875 0.10625
0 0.175 0.54453125 0.13125 0.1
0 0.27265625 0.571875 0.1265625 0.090625
0 0.490625 0.61875 0.1421875 0.096875
0 0.37890625 0.6015625 0.125 0.0921875
0 0.59296875 0.646875 0.1171875 0.084375
0 0.68046875 0.665625 0.1125 0.071875
0 0.7703125 0.69375 0.103125 0.0703125
0 0.8453125 0.72578125 0.10625 0.08125
0 0.93984375 0.75390625 0.1171875 0.0671875
3 0.1984375 0.6265625 0.0328125 0.059375
3 0.24296875 0.6359375 0.021875 0.0515625
3 0.175 0.62578125 0.0203125 0.053125
3 0.09140625 0.61015625 0.0265625 0.06875
3 0.06953125 0.60625 0.0296875 0.0734375
3 0.25625 0.6453125 0.01875 0.0546875
3 0.45625 0.68515625 0.0234375 0.053125
3 0.1578125 0.628125 0.0234375 0.0640625
3 0.55546875 0.7078125 0.0234375 0.0625
3 0.22734375 0.64453125 0.01875 0.05625
3 0.13125 0.6265625 0.0328125 0.0859375
3 0.53671875 0.71015625 0.0234375 0.0578125
3 0.39765625 0.68359375 0.021875 0.0609375
3 0.67578125 0.7375 0.01875 0.0453125
3 0.59453125 0.72265625 0.01875 0.0453125
3 0.66484375 0.7375 0.0140625 0.0359375
3 0.70078125 0.74609375 0.01875 0.0375
3 0.321875 0.67265625 0.01875 0.053125
3 0.64453125 0.7359375 0.021875 0.05
3 0.77109375 0.7625 0.0171875 0.04375
3 0.7546875 0.76015625 0.01875 0.04375
3 0.57265625 0.72578125 0.0203125 0.05
3 0.62109375 0.73671875 0.0171875 0.0484375
3 0.803125 0.77578125 0.025 0.04375
3 0.94140625 0.8078125 0.01875 0.0390625
3 0.85234375 0.79296875 0.0234375 0.040625