3 0.83828125 0.5859375 0.1125 0.21875
3 0.128125 0.8203125 0.0921875 0.25625
0 0.18359375 0.20859375 0.3671875 0.3515625
0 0.37578125 0.15078125 0.115625 0.1296875
0 0.4921875 0.13984375 0.103125 0.146875
0 0.71875 0.16171875 0.434375 0.3234375
0 0.1265625 0.3671875 0.253125 0.25625
3 0.3453125 0.34296875 0.04375 0.09375
3 0.3375 0.36796875 0.0484375 0.1140625
3 0.3234375 0.39453125 0.04375 0.11875
0 0.84296875 0.25546875 0.28125 0.3375
3 0.30234375 0.42109375 0.053125 0.1125
3 0.29453125 0.46015625 0.0578125 0.134375
3 0.6796875 0.36953125 0.0046875 0.00625
3 0.2734375 0.49765625 0.0578125 0.134375
3 0.23515625 0.5640625 0.075 0.159375
3 0.72265625 0.47109375 0.1 0.2078125
3 0.18515625 0.66484375 0.08125 0.1671875