3 0.18828125 0.778125 0.040625 0.1296875
3 0.221875 0.8140625 0.0421875 0.1421875
0 0.18046875 0.51640625 0.303125 0.1296875
0 0.6359375 0.521875 0.2515625 0.1109375
0 0.421875 0.52265625 0.234375 0.1125
0 0.86640625 0.53203125 0.2640625 0.1203125
0 0.67578125 0.584375 0.246875 0.096875
0 0.47421875 0.5890625 0.175 0.0875
0 0.3046875 0.6 0.190625 0.128125
0 0.1453125 0.61484375 0.190625 0.14375
3 0.85 0.65234375 0.0265625 0.078125
3 0.7953125 0.6609375 0.0328125 0.06875
3 0.72421875 0.68359375 0.028125 0.0859375
3 0.0875 0.696875 0.03125 0.084375
3 0.64140625 0.7078125 0.0390625 0.1046875
3 0.265625 0.70703125 0.03125 0.0921875
3 0.10625 0.71484375 0.0296875 0.0921875
3 0.3421875 0.7453125 0.034375 0.1234375
3 0.140625 0.74296875 0.0296875 0.109375
3 0.39375 0.7734375 0.0375 0.1234375