3 0.1515625 0.734375 0.1609375 0.375
3 0.54609375 0.48984375 0.040625 0.059375
3 0.509375 0.48203125 0.0421875 0.05625
3 0.36484375 0.45078125 0.0453125 0.08125
3 0.47109375 0.4765625 0.0390625 0.0609375
3 0.44609375 0.471875 0.0421875 0.0671875
3 0.3296875 0.44453125 0.0359375 0.0671875
3 0.265625 0.44375 0.059375 0.0953125
3 0.19453125 0.4375 0.0546875 0.103125
3 0.74765625 0.5796875 0.05625 0.0984375
3 0.09453125 0.42734375 0.0875 0.1234375
3 0.7078125 0.59453125 0.0671875 0.1265625
3 0.5734375 0.6453125 0.1171875 0.1984375
3 0.4359375 0.66484375 0.1453125 0.278125