3 0.79140625 0.84375 0.1078125 0.196875
3 0.809375 0.253125 0.0375 0.075
3 0.9078125 0.2421875 0.028125 0.0640625
3 0.7 0.284375 0.034375 0.0671875
3 0.94375 0.253125 0.046875 0.1109375
3 0.52421875 0.3390625 0.0421875 0.075
3 0.80390625 0.28203125 0.0390625 0.0796875
3 0.659375 0.3171875 0.0453125 0.0734375
3 0.56640625 0.34609375 0.0296875 0.0640625
3 0.446875 0.37890625 0.0390625 0.059375
3 0.3625 0.403125 0.046875 0.0828125
3 0.253125 0.43125 0.0578125 0.09375
3 0.78984375 0.33984375 0.0609375 0.134375
3 0.6265625 0.39296875 0.0609375 0.1390625
3 0.74453125 0.384375 0.0578125 0.1
3 0.46484375 0.4546875 0.0609375 0.10625
3 0.27265625 0.5046875 0.0421875 0.0703125
3 0.56328125 0.48203125 0.08125 0.2140625
3 0.771875 0.46484375 0.04375 0.0921875
3 0.34921875 0.58828125 0.053125 0.0828125
3 0.4328125 0.65078125 0.1234375 0.2453125
3 0.75859375 0.59375 0.153125 0.30625