2 0.3890625 0.478125 0.140625 0.103125
0 0.1453125 0.53203125 0.0421875 0.01875
0 0.20859375 0.534375 0.06875 0.021875
0 0.73828125 0.534375 0.084375 0.0421875
0 0.89765625 0.534375 0.065625 0.0484375
0 0.540625 0.540625 0.103125 0.0328125
0 0.6421875 0.53984375 0.0890625 0.0421875
0 0.96484375 0.53984375 0.0453125 0.0515625
3 0.28203125 0.57265625 0.01875 0.053125
3 0.4109375 0.58984375 0.025 0.0609375
3 0.45625 0.59375 0.025 0.0734375
3 0.5109375 0.60234375 0.0203125 0.0765625
3 0.578125 0.6078125 0.0421875 0.096875
3 0.65 0.61953125 0.0328125 0.096875
3 0.74453125 0.6328125 0.0328125 0.109375
3 0.95546875 0.63515625 0.0328125 0.096875
3 0.8640625 0.64765625 0.03125 0.096875