3 0.4203125 0.51015625 0.1140625 0.26875
3 0.459375 0.634375 0.1046875 0.3046875
3 0.6109375 0.7796875 0.1390625 0.378125
3 0.68125 0.23046875 0.025 0.0546875
3 0.815625 0.27109375 0.046875 0.0765625
3 0.50625 0.23671875 0.0265625 0.0625
3 0.52578125 0.24453125 0.028125 0.0703125
3 0.8390625 0.2921875 0.034375 0.078125
3 0.54296875 0.25703125 0.0390625 0.0859375
3 0.89375 0.30625 0.04375 0.0859375
3 0.55859375 0.26796875 0.0328125 0.084375
3 0.5828125 0.278125 0.040625 0.0984375
3 0.93828125 0.32265625 0.046875 0.096875
3 0.61484375 0.2875 0.0421875 0.1
3 0.97578125 0.34296875 0.025 0.0875
3 0.646875 0.30546875 0.0453125 0.1046875
3 0.67578125 0.3203125 0.0515625 0.10625
3 0.7265625 0.3484375 0.0453125 0.11875
3 0.7765625 0.36328125 0.0515625 0.1390625
3 0.3125 0.32109375 0.04375 0.1421875
3 0.84453125 0.390625 0.0890625 0.1703125
3 0.934375 0.41328125 0.0734375 0.1625
3 0.353125 0.3953125 0.0703125 0.190625
3 0.3796875 0.4390625 0.0875 0.215625