3 0.15625 0.9 0.103125 0.196875
3 0.13671875 0.309375 0.034375 0.075
3 0.0375 0.30234375 0.025 0.065625
3 0.24609375 0.33671875 0.03125 0.0671875
3 0.01171875 0.3140625 0.0234375 0.1109375
3 0.42421875 0.38359375 0.0390625 0.0765625
3 0.1421875 0.3375 0.0359375 0.08125
3 0.2875 0.36796875 0.04375 0.075
3 0.38046875 0.39296875 0.0265625 0.065625
3 0.50078125 0.42109375 0.0375 0.0609375
3 0.5859375 0.4421875 0.04375 0.084375
3 0.69453125 0.465625 0.05625 0.09375
3 0.15703125 0.3953125 0.05625 0.1359375
3 0.32109375 0.440625 0.05625 0.140625
3 0.20234375 0.4375 0.05625 0.1
3 0.4828125 0.496875 0.05625 0.10625
3 0.67578125 0.5390625 0.040625 0.071875
3 0.38359375 0.5296875 0.0734375 0.2171875
3 0.17421875 0.5203125 0.0421875 0.09375
3 0.5984375 0.6265625 0.05 0.0828125
3 0.51484375 0.69296875 0.1140625 0.2484375
3 0.18828125 0.64921875 0.140625 0.309375