3 0.73203125 0.5765625 0.0484375 0.08125
3 0.7671875 0.584375 0.04375 0.0765625
3 0.35234375 0.70625 0.0359375 0.0921875
3 0.821875 0.61328125 0.05 0.0765625
3 0.3234375 0.73828125 0.05625 0.1078125
3 0.2875 0.78359375 0.0671875 0.1140625
3 0.9734375 0.6890625 0.0203125 0.1453125
3 0.1625 0.93203125 0.096875 0.125
0 0.6796875 0.41484375 0.1890625 0.1640625
0 0.85625 0.38203125 0.271875 0.284375
0 0.31796875 0.57734375 0.2703125 0.1828125
0 0.1515625 0.65625 0.303125 0.2921875
3 0.6828125 0.559375 0.04375 0.0625