3 0.028125 0.7546875 0.05625 0.328125
3 0.13203125 0.184375 0.025 0.0515625
3 0.16171875 0.19375 0.028125 0.05
3 0.3609375 0.24140625 0.0296875 0.053125
3 0.18671875 0.21484375 0.0328125 0.0625
3 0.4078125 0.34765625 0.040625 0.0734375
3 0.54609375 0.3984375 0.0375 0.059375
3 0.2390625 0.3515625 0.0515625 0.09375
3 0.3375 0.39140625 0.05 0.08125
3 0.52734375 0.4734375 0.03125 0.0828125
3 0.046875 0.4078125 0.071875 0.1671875
3 0.31015625 0.48671875 0.040625 0.084375
3 0.1796875 0.48125 0.075 0.171875
3 0.43359375 0.53828125 0.05 0.1125
3 0.32265625 0.6 0.090625 0.2390625
3 0.571875 0.70078125 0.1140625 0.275
3 0.8625 0.85 0.140625 0.296875