3 0.0953125 0.7578125 0.1140625 0.334375
3 0.14921875 0.17734375 0.0234375 0.053125
3 0.1796875 0.1828125 0.028125 0.0515625
3 0.384375 0.20703125 0.0296875 0.0546875
3 0.2078125 0.2 0.0328125 0.0640625
3 0.44609375 0.30703125 0.0390625 0.075
3 0.59140625 0.34140625 0.0359375 0.0609375
3 0.2796875 0.3296875 0.0515625 0.0953125
3 0.38359375 0.3578125 0.0484375 0.0828125
3 0.5828125 0.4171875 0.0296875 0.084375
3 0.0953125 0.4078125 0.0703125 0.1703125
3 0.36953125 0.45625 0.0390625 0.0859375
3 0.23828125 0.46640625 0.0734375 0.175
3 0.49765625 0.49296875 0.05 0.1140625
3 0.396875 0.56640625 0.0890625 0.24375
3 0.65859375 0.6375 0.1109375 0.28125
3 0.95 0.76171875 0.096875 0.3234375