3 0.9171875 0.86953125 0.0875 0.2578125
3 0.540625 0.2796875 0.01875 0.0640625
3 0.13984375 0.25390625 0.0234375 0.0625
3 0.2625 0.26796875 0.01875 0.0609375
3 0.09765625 0.25625 0.0109375 0.0421875
3 0.1203125 0.26015625 0.01875 0.0578125
3 0.58203125 0.3 0.0203125 0.08125
3 0.89140625 0.33203125 0.025 0.0578125
3 0.93828125 0.33984375 0.021875 0.0578125
3 0.60703125 0.3140625 0.0234375 0.0875
3 0.4203125 0.303125 0.0203125 0.0828125
3 0.06953125 0.2765625 0.025 0.0640625
3 0.24453125 0.29375 0.0203125 0.084375
3 0.64453125 0.328125 0.034375 0.0890625
3 0.03671875 0.29296875 0.03125 0.090625
3 0.43359375 0.32734375 0.0234375 0.10625
3 0.2328125 0.3125 0.0203125 0.0953125
3 0.6859375 0.35390625 0.03125 0.1046875
3 0.21875 0.32734375 0.0265625 0.115625
3 0.446875 0.34765625 0.0234375 0.1171875
3 0.90859375 0.38984375 0.028125 0.0578125
3 0.1984375 0.346875 0.0328125 0.1265625
3 0.4703125 0.38203125 0.028125 0.13125
3 0.83515625 0.41484375 0.034375 0.1328125
3 0.16171875 0.37578125 0.034375 0.15
3 0.125 0.40078125 0.0484375 0.1515625
3 0.96328125 0.48125 0.0375 0.184375
3 0.54375 0.4765625 0.0390625 0.190625
3 0.04921875 0.4703125 0.0671875 0.225
3 0.63515625 0.57578125 0.065625 0.259375