3 0.9234375 0.70078125 0.01875 0.0375
3 0.8875 0.7125 0.025 0.059375
3 0.84453125 0.72421875 0.021875 0.06875
3 0.8171875 0.73671875 0.0328125 0.0796875
3 0.3078125 0.75 0.0375 0.175
3 0.78359375 0.74453125 0.009375 0.084375
3 0.74453125 0.76171875 0.025 0.1
3 0.68515625 0.784375 0.021875 0.13125
3 0.6109375 0.81328125 0.025 0.1375
0 0.271875 0.47890625 0.184375 0.1828125
0 0.653125 0.50078125 0.146875 0.2234375
0 0.0703125 0.52890625 0.1375 0.1390625
0 0.42890625 0.553125 0.215625 0.1578125
0 0.784375 0.5484375 0.15625 0.2015625
0 0.90703125 0.571875 0.11875 0.1390625